condition rt
1 464
1 517
1 520
1 488
1 410
1 873
1 548
1 491
1 373
1 674
1 805
1 395
1 446
1 426
1 594
1 695
1 344
1 751
1 368
1 586
1 561
1 549
1 494
1 672
1 614
1 400
1 644
1 370
1 394
1 429
1 797
1 533
1 437
1 348
1 470
1 630
1 580
1 629
1 498
1 613
1 406
1 620
1 325
1 511
1 421
1 462
1 618
1 571
1 548
1 576
1 388
1 308
1 390
1 720
1 365
1 620
1 260
1 552
1 605
1 765
1 518
1 390
1 308
1 614
1 517
1 602
1 490
1 422
1 318
1 588
1 706
1 653
1 512
1 401
1 438
1 623
1 497
1 493
1 382
1 649
1 413
1 540
1 687
1 353
1 581
1 473
1 620
1 418
1 620
1 427
1 382
1 451
1 723
1 386
1 425
1 370
1 469
1 430
1 368
1 562
1 506
1 380
1 843
1 413
1 367
1 363
1 630
1 586
1 400
1 599
1 611
1 477
1 562
1 574
1 507
1 556
1 763
1 862
1 488
1 299
1 660
1 541
1 402
1 456
1 626
1 490
1 492
1 377
1 564
1 452
1 656
1 491
1 719
1 656
1 324
1 539
1 628
1 483
1 469
1 312
1 932
1 404
1 301
1 504
1 297
1 503
1 525
1 491
1 441
1 522
1 464
1 499
1 589
1 602
1 310
1 505
1 577
1 713
1 549
1 650
1 425
1 331
1 495
1 456
1 318
1 561
1 530
1 401
1 450
1 549
1 511
1 454
1 410
1 740
1 1600
1 532
1 1278
1 636
1 448
1 673
1 414
1 636
1 415
1 614
1 561
1 599
1 428
1 694
1 481
1 592
1 539
1 444
1 403
1 322
1 629
1 315
1 621
1 456
1 318
1 536
1 404
1 709
1 437
1 406
1 350
1 596
1 420
1 424
1 484
1 417
1 369
1 709
1 800
1 451
1 428
1 558
1 523
1 644
1 537
1 620
1 344
1 558
1 711
1 397
1 486
1 397
1 418
1 601
1 711
1 787
1 752
1 451
1 361
1 399
1 448
1 330
1 433
1 503
1 512
1 655
1 420
1 305
1 406
1 506
1 658
1 413
1 567
1 669
1 348
1 805
1 409
1 628
1 324
1 568
1 380
1 515
1 276
1 352
1 532
1 544
1 440
1 477
1 610
1 663
1 477
1 656
1 406
1 610
1 385
1 624
1 744
1 650
1 471
1 448
1 780
1 589
1 495
1 676
1 493
1 521
1 726
1 464
1 727
1 520
1 473
1 482
1 397
1 597
1 320
1 443
1 548
1 673
1 305
1 389
1 407
1 517
1 736
1 358
1 482
1 629
1 426
1 483
1 709
1 334
1 563
1 344
1 680
1 501
1 931
1 338
1 352
1 601
1 503
1 1059
1 379
1 954
1 561
1 351
1 409
1 378
1 536
1 355
1 452
1 376
1 469
1 515
1 796
1 293
1 611
1 808
1 847
1 534
1 348
1 399
1 432
1 638
1 621
1 544
1 711
1 541
1 629
1 444
1 392
1 1545
1 452
1 724
1 965
1 418
1 516
1 507
1 504
1 515
1 486
1 383
1 775
1 560
1 479
1 605
1 459
1 700
1 553
1 384
1 323
1 429
1 324
1 366
1 428
1 464
1 599
1 677
1 412
1 371
1 438
1 573
1 510
1 384
1 396
1 636
1 480
1 1216
1 502
1 435
1 603
1 412
1 698
1 530
1 382
1 634
1 668
1 710
1 391
1 488
1 430
1 417
1 489
1 575
1 427
1 306
1 671
1 455
1 1135
1 545
1 567
1 319
1 546
1 960
1 577
1 559
1 276
1 453
1 555
1 778
1 495
1 433
1 446
1 484
1 711
1 739
1 524
1 488
1 601
1 492
1 521
1 696
1 394
1 592
1 478
1 400
1 457
1 341
1 335
1 484
1 375
1 493
1 417
1 373
1 623
1 951
1 717
1 364
1 360
1 505
1 621
1 540
1 342
1 745
1 706
1 355
1 516
1 830
1 689
1 585
1 352
1 694
1 434
1 466
1 557
1 302
1 371
1 1116
1 432
1 506
1 371
1 339
1 449
1 503
1 1006
1 561
1 423
1 490
1 378
1 433
1 659
1 415
1 412
1 576
1 614
1 372
1 618
1 647
1 406
1 484
1 391
1 303
1 814
1 455
1 384
1 722
1 682
1 603
1 357
1 2241
1 504
1 724
1 333
1 581
1 532
1 683
1 508
1 726
1 771
1 357
1 281
1 561
1 548
1 356
1 547
1 468
1 390
1 715
1 408
1 496
1 436
1 502
1 316
1 440
1 377
1 525
1 319
1 667
1 931
1 392
1 465
1 885
1 439
1 737
1 429
1 459
1 351
1 525
1 672
1 581
1 511
1 514
1 498
1 497
1 735
1 568
1 679
1 348
1 491
1 377
1 373
1 350
1 617
1 596
1 425
1 368
1 335
1 422
1 571
1 509
1 521
1 593
1 443
1 422
1 521
1 615
1 302
1 742
1 659
1 589
1 518
1 354
1 802
1 530
1 428
1 974
1 626
1 550
1 670
1 546
1 703
1 419
1 802
1 447
1 725
1 612
1 1049
1 394
1 427
1 547
1 543
1 484
1 509
1 732
1 505
1 1347
1 606
1 423
1 539
1 371
1 495
1 298
1 417
1 495
1 576
1 816
1 596
1 870
1 470
1 386
1 674
1 376
1 529
1 409
1 452
1 487
1 597
1 344
1 481
1 543
1 506
1 280
1 476
1 792
1 556
1 598
1 648
1 524
1 351
1 403
1 442
1 533
1 629
1 343
1 618
1 451
1 670
1 675
1 327
1 633
1 300
1 699
1 375
1 440
1 348
1 448
1 479
1 526
1 404
1 571
1 560
1 936
1 400
1 617
1 303
1 1114
1 703
1 803
1 840
1 568
1 491
1 383
1 573
1 637
1 419
1 345
1 605
1 412
1 513
1 440
1 358
1 542
1 551
1 448
1 535
1 455
1 421
1 383
1 712
1 457
1 487
1 429
1 337
1 1084
1 511
1 697
1 392
1 588
1 599
1 496
1 439
1 383
1 593
1 443
1 441
1 707
1 536
1 310
1 392
1 582
1 657
1 443
1 520
1 471
1 595
1 689
1 322
1 549
1 1000
1 676
1 513
1 364
1 626
1 393
1 416
1 676
1 574
1 348
1 1000
1 463
1 529
1 600
1 432
1 410
1 341
1 660
1 948
1 487
1 673
1 444
1 455
1 567
1 636
1 418
1 647
1 667
1 383
1 411
1 340
1 393
1 271
1 421
1 480
1 433
1 498
1 605
1 731
1 392
1 489
1 709
1 452
1 636
1 333
1 516
1 560
1 494
1 910
1 1017
1 528
1 457
1 565
1 884
1 368
1 476
1 887
1 469
1 486
1 565
1 576
1 404
1 540
1 489
1 524
1 576
1 642
1 558
1 885
1 494
1 373
1 597
1 604
1 383
1 749
1 1002
1 387
1 444
1 593
1 385
1 443
1 641
1 378
1 323
1 472
1 915
1 541
1 544
1 358
1 389
1 434
1 686
1 462
1 535
1 710
1 549
1 599
1 543
1 481
1 520
1 476
1 439
1 539
1 595
1 493
1 692
1 509
1 394
1 700
1 418
1 439
1 379
1 386
1 424
1 317
1 632
1 416
1 576
1 776
1 653
1 413
1 851
1 360
1 354
1 829
1 394
1 352
1 384
1 350
1 442
1 377
1 461
1 857
1 332
1 388
1 429
1 520
1 646
1 477
1 591
1 474
1 522
1 499
1 706
1 489
1 393
1 629
1 549
1 502
1 496
1 892
1 573
1 381
1 524
1 497
1 475
1 704
1 527
1 992
1 1202
1 771
1 463
1 479
1 594
1 380
1 403
1 356
1 366
1 410
1 1017
1 410
1 651
1 406
1 556
1 384
1 503
1 506
1 273
1 967
1 661
1 737
1 677
1 466
1 549
1 645
1 405
1 752
1 518
1 420
1 780
1 464
1 613
1 404
1 660
1 395
1 773
1 1263
1 621
1 405
1 319
1 541
1 333
1 552
1 654
1 1135
1 649
1 332
1 551
1 391
1 681
1 337
1 468
1 435
1 484
1 667
1 463
1 458
1 454
1 1171
1 1173
1 343
1 455
1 609
1 310
1 439
1 542
1 584
1 411
1 564
1 527
1 643
1 733
1 432
1 665
1 331
1 586
1 424
1 533
1 308
1 510
1 526
1 430
1 491
1 658
1 351
1 1015
1 308
1 597
1 837
1 491
1 549
1 415
1 548
1 644
1 487
1 513
1 536
1 458
1 515
1 513
1 469
1 861
1 1040
1 479
1 430
1 677
1 546
1 402
1 462
1 304
1 633
1 530
1 709
1 342
1 563
1 371
1 625
1 787
1 304
1 618
1 1003
1 523
1 304
1 361
1 339
1 623
1 605
1 1155
1 435
1 462
1 662
1 799
1 764
1 715
1 649
1 539
1 447
1 466
1 387
1 374
1 589
1 659
1 314
1 349
1 574
1 533
1 469
1 462
1 597
1 407
1 337
1 406
1 734
1 337
1 688
1 670
1 449
1 364
1 435
1 700
1 502
1 342
1 561
1 539
1 842
1 541
1 295
1 493
1 386
1 633
1 705
1 427
1 294
1 664
1 777
1 376
1 786
1 680
1 445
1 351
1 556
1 473
1 543
1 422
1 1081
1 460
1 724
1 995
1 481
1 675
1 391
1 863
1 391
1 385
1 398
1 399
1 326
1 506
1 443
1 554
1 417
1 475
1 486
1 795
1 498
1 484
1 499
1 450
1 384
1 436
1 507
1 594
1 499
1 369
1 539
1 389
1 445
1 629
1 406
1 476
1 396
1 647
1 663
1 697
1 669
1 490
1 689
1 425
1 410
1 324
1 604
1 543
1 793
1 419
1 428
1 643
1 827
1 290
1 336
1 397
1 337
1 434
1 561
1 429
1 523
1 613
1 458
1 327
1 358
1 494
1 1482
1 456
1 667
1 425
1 785
1 923
1 647
1 707
1 1014
1 599
1 379
1 467
1 573
1 604
1 572
1 524
1 351
1 430
1 488
1 475
1 395
1 637
1 412
1 451
1 555
1 388
1 517
1 472
1 491
1 1094
1 860
1 366
1 530
1 588
1 436
1 413
1 379
1 974
1 494
1 681
1 594
1 611
1 837
1 653
1 394
1 441
1 349
1 730
1 290
1 353
1 372
1 408
1 538
1 538
1 586
1 433
1 587
1 728
1 435
1 891
1 579
1 381
1 1011
1 697
1 496
1 397
1 398
1 366
1 311
1 350
1 496
1 402
1 632
1 332
1 349
1 410
1 470
1 683
1 503
1 438
1 419
1 446
1 783
1 448
1 684
1 593
1 639
1 462
1 1035
1 356
1 638
1 391
1 447
1 600
1 743
1 295
1 425
1 447
1 1095
1 556
1 585
1 423
1 440
1 483
1 446
1 426
1 670
1 535
1 366
1 588
1 665
1 545
1 428
1 601
1 559
1 440
1 486
1 455
1 473
1 394
1 373
1 554
1 845
1 443
1 818
1 429
1 425
1 589
1 865
1 444
1 597
1 440
1 432
1 476
1 661
1 664
1 371
1 356
1 688
1 433
1 740
1 452
1 642
1 720
1 416
1 711
1 1283
1 423
1 655
1 467
1 362
1 508
1 573
1 338
1 387
1 696
1 400
1 1050
1 511
1 314
1 372
1 767
1 1012
1 343
1 392
1 482
1 760
1 641
1 735
1 428
1 498
1 433
1 318
1 451
1 521
1 544
1 630
1 869
1 541
1 799
1 486
1 513
1 364
1 288
1 1526
1 564
1 536
1 448
1 477
1 586
1 815
1 424
1 355
1 464
1 322
1 615
1 642
1 587
1 623
1 590
1 558
1 555
1 513
1 1031
1 1080
1 418
1 384
1 531
1 649
1 525
1 441
1 455
1 553
1 359
1 754
1 1029
1 779
1 686
1 451
1 691
1 603
1 559
1 687
1 443
1 627
1 663
1 405
1 413
1 551
1 400
1 591
1 381
1 605
1 542
1 438
1 755
1 496
1 408
1 422
1 748
1 777
1 400
1 389
1 883
1 420
1 474
1 649
1 430
1 847
1 566
1 504
1 349
1 601
1 453
1 520
1 704
1 548
1 523
1 407
1 450
1 976
1 584
1 694
1 529
1 524
1 387
1 586
1 574
1 696
1 475
1 545
1 567
1 461
1 571
1 411
1 554
1 360
1 484
1 302
1 615
1 565
1 471
1 800
1 674
1 766
1 448
1 428
1 347
1 929
1 390
1 549
1 510
1 621
1 532
1 362
1 303
1 360
1 1278
1 465
1 429
1 373
1 427
1 369
1 807
1 635
1 396
1 764
1 906
1 605
1 340
1 391
1 516
1 354
1 511
1 498
1 774
1 938
1 614
1 405
1 838
1 680
1 358
1 728
1 439
1 522
1 382
1 717
1 386
1 331
1 466
1 373
1 436
1 721
1 512
1 872
1 523
1 512
1 529
1 503
1 487
1 432
1 534
1 677
1 620
1 519
1 417
1 642
1 633
1 570
1 451
1 727
1 517
1 423
1 546
1 358
1 497
1 685
1 765
1 340
1 477
1 356
1 521
1 373
1 505
1 593
1 502
1 455
1 495
1 465
1 447
1 396
1 788
1 734
1 555
1 639
1 402
1 655
1 535
1 476
1 495
1 539
1 423
1 448
1 819
1 879
1 615
1 330
1 724
1 413
1 363
1 650
1 374
1 484
1 379
1 507
1 527
1 386
1 372
1 524
1 324
1 896
1 714
1 367
1 383
1 488
1 771
1 523
1 437
1 464
1 409
1 796
1 521
1 586
1 354
1 337
1 636
1 798
1 521
1 848
1 369
1 398
1 420
1 252
1 470
1 560
1 473
1 532
1 483
1 469
1 447
1 453
1 363
1 511
1 344
1 537
1 365
1 880
1 1188
1 816
1 407
1 420
1 524
1 742
1 448
1 501
1 1164
1 446
1 441
1 493
1 561
1 420
1 690
1 355
1 407
1 746
1 514
1 581
1 672
1 709
1 576
1 344
1 523
1 383
1 580
1 374
1 582
1 613
1 554
1 534
1 550
1 322
1 561
1 670
1 481
1 802
1 542
1 257
1 403
1 618
1 584
1 448
1 474
1 1166
1 518
1 744
1 594
1 540
1 485
1 633
1 560
1 769
1 557
1 389
1 671
1 404
1 584
1 380
1 391
1 510
1 669
1 384
1 361
1 531
1 539
1 349
1 404
1 401
1 477
1 361
1 386
1 429
1 748
1 824
1 510
1 624
1 723
1 624
1 369
1 612
1 544
1 437
1 499
1 475
1 437
1 398
1 379
1 480
1 379
1 949
1 373
1 336
1 924
1 480
1 459
1 422
1 462
1 733
1 502
1 708
1 347
1 698
1 417
1 343
1 320
1 439
1 642
1 567
1 650
1 554
1 496
1 419
1 331
1 772
1 990
1 774
1 502
1 1082
1 490
1 509
1 969
1 457
1 544
1 392
1 308
1 738
1 358
1 428
1 777
1 587
1 640
1 372
1 590
1 608
1 358
1 408
1 466
1 537
1 464
1 513
1 496
1 550
1 516
1 398
1 421
1 330
1 548
1 585
1 526
1 501
1 476
1 676
1 338
1 544
1 762
1 400
1 440
1 525
1 428
1 594
1 358
1 775
1 443
1 421
1 392
1 752
1 371
1 584
1 646
1 550
1 689
1 461
1 843
1 680
1 570
1 561
1 749
1 498
1 365
1 496
1 480
1 349
1 597
1 409
1 1210
1 407
1 476
1 416
1 934
1 553
1 375
1 341
1 563
1 586
1 828
1 632
1 442
1 445
1 297
1 477
1 543
1 443
1 672
1 466
1 458
1 570
1 438
1 445
1 557
1 609
1 728
1 549
1 515
1 406
1 505
1 416
1 382
1 728
1 558
1 925
1 1106
1 518
1 509
1 479
1 393
1 502
1 510
1 450
1 453
1 506
1 415
1 497
1 372
1 323
1 358
1 559
1 369
1 464
1 320
1 577
1 365
1 699
1 456
1 500
1 372
1 513
1 457
1 880
1 879
1 983
1 364
1 619
1 595
1 582
1 481
1 744
1 377
1 506
1 397
1 564
1 436
1 750
1 570
1 621
1 442
1 416
1 494
1 391
1 893
1 421
1 512
1 380
1 806
1 345
1 314
1 503
1 479
1 670
1 574
1 464
1 391
1 511
1 397
1 563
1 444
1 834
1 576
1 663
1 530
1 580
1 433
1 665
1 575
1 427
1 295
1 510
1 430
1 491
1 419
1 408
1 671
1 1346
1 437
1 455
1 495
1 318
1 376
1 832
1 339
1 570
1 496
1 515
1 442
1 535
1 500
1 568
1 484
1 363
1 532
1 631
1 599
1 555
1 550
1 776
1 582
1 636
1 460
1 913
1 363
1 482
1 596
1 482
1 524
1 817
1 352
1 488
1 505
1 352
1 589
1 584
1 925
1 647
1 380
1 416
1 947
1 478
1 689
1 454
1 445
1 410
1 370
1 328
1 520
1 627
1 450
1 468
1 439
1 796
1 602
1 357
1 492
1 531
1 395
1 406
1 377
1 539
1 402
1 329
1 312
1 497
1 505
1 887
1 480
1 406
1 500
1 395
1 590
1 578
1 626
1 522
1 531
1 329
1 301
1 338
1 427
1 281
1 587
1 467
1 484
1 455
1 895
1 382
1 534
1 289
1 367
1 530
1 630
1 664
1 473
1 308
1 563
1 650
1 331
1 485
1 866
1 815
1 518
1 426
1 420
1 548
1 360
1 439
1 499
1 1012
1 415
1 446
1 830
1 744
1 353
1 767
1 612
1 919
1 570
1 562
1 776
1 313
1 428
1 334
1 556
1 388
1 530
1 393
1 448
1 803
1 357
1 326
1 538
1 594
1 520
1 523
1 1033
1 697
1 465
1 737
1 621
1 489
1 446
1 474
1 420
1 382
1 418
2 587
2 618
2 528
2 613
2 444
2 568
2 825
2 899
2 469
2 612
2 628
2 1065
2 511
2 543
2 594
2 972
2 672
2 633
2 641
2 509
2 620
2 797
2 501
2 501
2 598
2 690
2 519
2 507
2 926
2 560
2 499
2 345
2 844
2 687
2 786
2 1607
2 711
2 843
2 552
2 738
2 701
2 694
2 710
2 543
2 492
2 494
2 483
2 429
2 663
2 611
2 643
2 503
2 461
2 398
2 456
2 506
2 518
2 666
2 1024
2 786
2 806
2 634
2 433
2 383
2 706
2 610
2 391
2 602
2 640
2 522
2 575
2 523
2 489
2 577
2 585
2 489
2 594
2 554
2 665
2 775
2 391
2 559
2 612
2 491
2 942
2 502
2 813
2 626
2 464
2 911
2 391
2 884
2 535
2 640
2 438
2 1292
2 417
2 888
2 605
2 497
2 641
2 853
2 609
2 559
2 383
2 1334
2 712
2 477
2 1018
2 560
2 527
2 680
2 795
2 757
2 494
2 511
2 1410
2 482
2 582
2 662
2 698
2 490
2 807
2 540
2 419
2 625
2 580
2 599
2 534
2 616
2 380
2 484
2 474
2 460
2 614
2 639
2 752
2 626
2 696
2 401
2 819
2 687
2 655
2 468
2 744
2 803
2 628
2 962
2 679
2 476
2 551
2 822
2 648
2 473
2 426
2 926
2 480
2 454
2 597
2 869
2 531
2 593
2 665
2 571
2 671
2 917
2 457
2 800
2 548
2 426
2 432
2 522
2 558
2 779
2 637
2 568
2 390
2 431
2 553
2 966
2 475
2 644
2 616
2 692
2 685
2 741
2 477
2 538
2 445
2 465
2 432
2 514
2 438
2 562
2 444
2 459
2 418
2 555
2 398
2 536
2 576
2 794
2 529
2 485
2 473
2 849
2 657
2 683
2 1042
2 467
2 399
2 720
2 697
2 1364
2 498
2 674
2 604
2 810
2 574
2 532
2 480
2 438
2 912
2 621
2 492
2 540
2 446
2 860
2 972
2 881
2 884
2 861
2 799
2 751
2 497
2 572
2 645
2 430
2 571
2 408
2 972
2 738
2 517
2 640
2 610
2 506
2 471
2 604
2 507
2 436
2 610
2 514
2 612
2 575
2 483
2 566
2 420
2 592
2 403
2 761
2 869
2 453
2 510
2 753
2 618
2 767
2 874
2 587
2 617
2 869
2 575
2 490
2 587
2 767
2 1325
2 497
2 548
2 544
2 724
2 364
2 603
2 746
2 400
2 481
2 964
2 529
2 602
2 609
2 495
2 429
2 427
2 578
2 450
2 474
2 463
2 589
2 457
2 834
2 439
2 636
2 525
2 495
2 614
2 393
2 419
2 516
2 700
2 738
2 756
2 496
2 569
2 618
2 553
2 584
2 387
2 498
2 531
2 431
2 574
2 967
2 452
2 572
2 547
2 535
2 913
2 1131
2 510
2 571
2 704
2 494
2 665
2 684
2 481
2 1220
2 560
2 618
2 654
2 594
2 540
2 640
2 578
2 511
2 689
2 450
2 741
2 662
2 687
2 338
2 570
2 485
2 734
2 387
2 428
2 689
2 661
2 525
2 656
2 470
2 356
2 1095
2 487
2 391
2 776
2 655
2 837
2 679
2 931
2 620
2 562
2 529
2 505
2 538
2 479
2 700
2 397
2 541
2 780
2 722
2 473
2 633
2 588
2 448
2 792
2 505
2 733
2 478
2 477
2 478
2 834
2 652
2 487
2 534
2 515
2 784
2 433
2 812
2 497
2 591
2 465
2 957
2 673
2 506
2 582
2 629
2 919
2 477
2 549
2 417
2 515
2 1544
2 530
2 599
2 570
2 373
2 728
2 799
2 631
2 522
2 712
2 581
2 441
2 758
2 565
2 819
2 525
2 1243
2 392
2 475
2 511
2 466
2 495
2 706
2 902
2 617
2 671
2 538
2 556
2 510
2 627
2 620
2 493
2 608
2 523
2 453
2 579
2 581
2 559
2 482
2 401
2 769
2 628
2 440
2 459
2 626
2 702
2 606
2 447
2 468
2 494
2 636
2 497
2 766
2 400
2 697
2 735
2 461
2 633
2 397
2 546
2 370
2 677
2 491
2 477
2 1227
2 515
2 491
2 514
2 479
2 548
2 561
2 1139
2 822
2 566
2 488
2 486
2 545
2 440
2 599
2 611
2 489
2 500
2 442
2 554
2 489
2 777
2 782
2 734
2 700
2 666
2 537
2 420
2 832
2 684
2 1056
2 503
2 782
2 863
2 573
2 505
2 564
2 673
2 701
2 648
2 489
2 914
2 434
2 635
2 811
2 862
2 593
2 467
2 522
2 362
2 779
2 506
2 870
2 683
2 435
2 874
2 651
2 725
2 615
2 724
2 523
2 622
2 503
2 673
2 578
2 518
2 407
2 990
2 813
2 616
2 434
2 1143
2 473
2 795
2 1183
2 548
2 870
2 491
2 692
2 491
2 473
2 741
2 364
2 534
2 684
2 603
2 548
2 594
2 521
2 533
2 524
2 527
2 735
2 738
2 464
2 528
2 494
2 574
2 594
2 699
2 1022
2 692
2 669
2 883
2 671
2 501
2 591
2 502
2 334
2 694
2 518
2 750
2 522
2 480
2 508
2 452
2 547
2 841
2 506
2 948
2 638
2 422
2 518
2 353
2 476
2 540
2 516
2 1179
2 599
2 686
2 526
2 503
2 548
2 707
2 480
2 797
2 489
2 570
2 570
2 619
2 487
2 784
2 495
2 768
2 670
2 398
2 986
2 352
2 864
2 520
2 537
2 819
2 870
2 1004
2 403
2 416
2 859
2 498
2 854
2 537
2 821
2 604
2 917
2 529
2 668
2 532
2 713
2 1192
2 542
2 565
2 658
2 734
2 620
2 894
2 1118
2 638
2 381
2 613
2 707
2 476
2 485
2 662
2 445
2 399
2 634
2 418
2 420
2 388
2 605
2 499
2 402
2 971
2 546
2 721
2 556
2 591
2 546
2 717
2 703
2 447
2 696
2 682
2 611
2 710
2 807
2 629
2 551
2 610
2 411
2 424
2 653
2 771
2 683
2 1191
2 369
2 622
2 598
2 512
2 644
2 488
2 1081
2 454
2 576
2 851
2 540
2 342
2 483
2 569
2 646
2 801
2 412
2 747
2 924
2 405
2 528
2 430
2 511
2 443
2 546
2 400
2 449
2 511
2 513
2 767
2 439
2 808
2 383
2 681
2 673
2 462
2 413
2 617
2 650
2 952
2 1285
2 493
2 756
2 601
2 876
2 885
2 1001
2 501
2 736
2 800
2 590
2 901
2 612
2 906
2 873
2 644
2 617
2 461
2 529
2 630
2 734
2 621
2 534
2 714
2 471
2 1050
2 1144
2 432
2 801
2 581
2 556
2 676
2 463
2 624
2 609
2 408
2 488
2 539
2 1184
2 522
2 819
2 599
2 538
2 540
2 684
2 472
2 670
2 507
2 567
2 572
2 725
2 788
2 463
2 424
2 915
2 1026
2 982
2 491
2 479
2 699
2 627
2 2138
2 456
2 482
2 603
2 663
2 523
2 414
2 629
2 779
2 629
2 804
2 730
2 525
2 743
2 623
2 697
2 545
2 579
2 474
2 486
2 814
2 789
2 743
2 449
2 609
2 531
2 675
2 390
2 500
2 582
2 410
2 518
2 484
2 522
2 1592
2 702
2 695
2 574
2 487
2 526
2 571
2 735
2 429
2 619
2 502
2 624
2 438
2 749
2 752
2 593
2 379
2 937
2 595
2 786
2 497
2 482
2 402
2 578
2 800
2 819
2 814
2 370
2 412
2 387
2 646
2 507
2 944
2 950
2 490
2 424
2 688
2 619
2 535
2 437
2 670
2 921
2 639
2 592
2 624
2 595
2 391
2 508
2 574
2 639
2 361
2 397
2 356
2 485
2 525
2 694
2 617
2 566
2 553
2 575
2 614
2 554
2 459
2 626
2 435
2 534
2 401
2 589
2 380
2 451
2 608
2 682
2 526
2 508
2 722
2 574
2 575
2 651
2 512
2 707
2 743
2 655
2 988
2 522
2 875
2 563
2 670
2 597
2 567
2 539
2 593
2 441
2 498
2 529
2 775
2 812
2 955
2 673
2 1282
2 916
2 544
2 973
2 835
2 475
2 694
2 451
2 710
2 724
2 452
2 558
2 634
2 506
2 626
2 902
2 491
2 580
2 662
2 648
2 598
2 493
2 668
2 1049
2 518
2 537
2 673
2 412
2 602
2 390
2 505
2 917
2 978
2 970
2 546
2 632
2 817
2 549
2 637
2 949
2 710
2 522
2 441
2 372
2 576
2 512
2 676
2 533
2 610
2 363
2 751
2 493
2 1219
2 543
2 405
2 450
2 470
2 691
2 548
2 725
2 733
2 875
2 690
2 556
2 549
2 581
2 571
2 603
2 607
2 441
2 476
2 847
2 904
2 1370
2 503
2 487
2 399
2 478
2 586
2 600
2 936
2 518
2 460
2 534
2 507
2 619
2 466
2 611
2 495
2 612
2 910
2 716
2 681
2 749
2 556
2 587
2 364
2 427
2 724
2 449
2 416
2 642
2 669
2 661
2 642
2 761
2 434
2 598
2 462
2 960
2 612
2 457
2 514
2 675
2 468
2 695
2 580
2 590
2 463
2 559
2 711
2 394
2 458
2 621
2 621
2 499
2 703
2 457
2 977
2 505
2 922
2 545
2 756
2 423
2 894
2 518
2 389
2 477
2 455
2 522
2 400
2 982
2 495
2 467
2 532
2 705
2 456
2 481
2 506
2 681
2 700
2 847
2 594
2 1057
2 531
2 503
2 418
2 739
2 515
2 602
2 616
2 541
2 659
2 544
2 618
2 835
2 448
2 626
2 1064
2 590
2 479
2 522
2 806
2 700
2 399
2 461
2 544
2 1148
2 662
2 524
2 640
2 597
2 734
2 477
2 575
2 423
2 350
2 600
2 502
2 644
2 727
2 351
2 507
2 412
2 691
2 452
2 558
2 846
2 647
2 889
2 768
2 590
2 523
2 696
2 483
2 651
2 485
2 869
2 490
2 709
2 456
2 419
2 1098
2 578
2 590
2 549
2 547
2 553
2 788
2 931
2 452
2 1026
2 724
2 567
2 456
2 662
2 533
2 551
2 504
2 557
2 798
2 672
2 413
2 529
2 345
2 690
2 682
2 516
2 775
2 1202
2 773
2 664
2 396
2 704
2 405
2 557
2 518
2 500
2 511
2 580
2 594
2 621
2 470
2 609
2 379
2 372
2 458
2 517
2 582
2 650
2 603
2 404
2 502
2 837
2 647
2 561
2 483
2 467
2 396
2 470
2 657
2 604
2 539
2 655
2 503
2 739
2 692
2 548
2 805
2 905
2 575
2 671
2 434
2 789
2 636
2 506
2 550
2 926
2 930
2 613
2 558
2 819
2 472
2 721
2 503
2 846
2 581
2 522
2 883
2 748
2 497
2 751
2 805
2 534
2 580
2 393
2 730
2 539
2 596
2 592
2 627
2 498
2 392
2 445
2 604
2 397
2 692
2 474
2 637
2 470
2 881
2 553
2 984
2 844
2 553
2 1298
2 595
2 428
2 549
2 463
2 707
2 409
2 555
2 752
2 665
2 393
2 660
2 692
2 627
2 593
2 636
2 691
2 602
2 364
2 535
2 655
2 453
2 422
2 438
2 831
2 1072
2 536
2 644
2 434
2 607
2 665
2 424
2 592
2 466
2 581
2 634
2 846
2 975
2 691
2 527
2 672
2 659
2 702
2 670
2 598
2 428
2 804
2 505
2 498
2 453
2 991
2 540
2 738
2 507
2 471
2 418
2 440
2 462
2 917
2 512
2 1022
2 726
2 1002
2 495
2 730
2 630
2 524
2 1169
2 454
2 637
2 622
2 588
2 352
2 557
2 629
2 569
2 968
2 368
2 534
2 567
2 442
2 648
2 444
2 625
2 715
2 576
2 495
2 630
2 713
2 597
2 1350
2 692
2 686
2 523
2 594
2 960
2 760
2 638
2 521
2 488
2 709
2 516
2 502
2 612
2 700
2 668
2 431
2 772
2 589
2 555
2 500
2 555
2 519
2 871
2 503
2 690
2 464
2 859
2 557
2 1105
2 628
2 759
2 940
2 453
2 767
2 851
2 810
2 810
2 545
2 565
2 526
2 353
2 558
2 508
2 587
2 557
2 432
2 643
2 566
2 424
2 516
2 492
2 547
2 415
2 709
2 447
2 1224
2 908
2 510
2 592
2 495
2 1215
2 579
2 684
2 606
2 500
2 473
2 513
2 520
2 464
2 592
2 393
2 709
2 571
2 636
2 405
2 562
2 936
2 634
2 662
2 624
2 1217
2 616
2 496
2 685
2 477
2 862
2 507
2 451
2 725
2 420
2 442
2 642
2 931
2 937
2 510
2 729
2 520
2 527
2 508
2 599
2 436
2 572
2 659
2 1155
2 656
2 698
2 576
2 795
2 726
2 485
2 1020
2 855
2 941
2 1125
2 1324
2 366
2 555
2 634
2 751
2 673
2 501
2 358
2 492
2 529
2 734
2 407
2 479
2 494
2 816
2 635
2 541
2 860
2 847
2 424
2 665
2 980
2 470
2 494
2 549
2 929
2 509
2 428
2 591
2 525
2 741
2 626
2 514
2 930
2 514
2 619
2 573
2 474
2 692
2 642
2 705
2 503
2 828
2 585
2 475
2 427
2 483
2 657
2 887
2 543
2 583
2 613
2 502
2 625
2 576
2 477
2 554
2 839
2 518
2 472
2 490
2 548
2 414
2 496
2 478
2 864
2 403
2 735
2 503
2 490
2 577
2 772
2 635
2 548
2 618
2 560
2 497
2 651
2 509
2 636
2 595
2 587
2 435
2 440
2 498
2 370
2 1099
2 705
2 838
2 445
2 464
2 432
2 820
2 423
2 615
2 560
2 477
2 581
2 645
2 644
2 810
2 771
2 497
2 411
2 598
2 589
2 606
2 572
2 745
2 497
2 476
2 372
2 898
2 619
2 473
2 689
2 660
2 556
2 440
2 545
2 582
2 544
2 696
2 495
2 491
2 632
2 1470
2 556
2 740
2 1349
2 640
2 1203
2 805
2 498
2 758
2 763
2 430
2 669
2 451
2 556
2 554
2 1094
2 418
2 784
2 655
2 569
2 531
2 768
2 420
2 404
2 480
2 624
2 484
2 589
2 843
2 522
2 436
2 460
2 1092
2 413
2 457
2 714
2 448
2 850
2 566
2 714
2 593
2 408
2 971
2 637
2 500
2 786
2 552
2 574
2 634
2 433
2 439
2 428
2 509
2 483
2 590
2 517
2 677
2 575
2 947
2 494
2 434
2 649
2 486
2 691
2 746
2 677
2 540
2 374
2 665
2 809
2 510
2 544
2 653
2 552
2 613
2 826
2 953
2 556
2 453
2 469
2 558
2 563
2 741
2 1026
2 443
2 656
2 549
2 509
2 443
2 622
2 599
2 528
2 453
2 518
2 466
2 532
2 422
2 654
2 555
2 373
2 689
2 779
2 481
2 1007
2 412
2 745
2 1056
2 510
2 689
2 473
2 581
2 587
2 401
2 629
2 529
2 762
2 483
2 632
2 749
2 804
2 565
2 506
2 576
2 475
2 506
2 472
2 572
2 390
2 651
2 604
2 453
2 636
2 524
2 661
2 697
2 470
2 600
2 605
2 539
2 685
2 530
2 491
2 458
2 465
2 547
2 496
2 411
2 652
2 923
2 895
2 414
2 808
2 520
2 577
2 773
2 702
2 571
2 591
2 653
2 436
2 774
2 486
2 464
2 631
2 830
2 425
2 555
2 748
2 685
2 520
2 741
2 641
2 687
2 706
2 603
2 747
2 551
2 567
2 579
2 403
2 638
2 665
2 673
2 561
2 1043
2 497
2 554
2 520
2 643
2 541
2 401
2 557
2 904
2 456
2 436
2 512
2 442
2 686
2 545
2 930
2 453
2 501
2 446
2 679
2 479
2 607
2 536
2 415
2 492
2 537
2 701
2 934
2 655
2 553
2 630
2 564
2 457
2 624
2 642
2 650
2 605
2 513
2 642
2 817
2 539
2 541
2 644
2 664
2 1406
2 431
2 450
2 620
2 642
2 442
2 413
2 591
2 426
2 559
2 526
2 574
2 568
2 880
2 478
2 553
2 973
2 758
2 623
2 439
2 836
2 960
2 420
2 589
2 766
2 673
2 414
2 412
2 415
2 739
2 482
2 464
2 1315
2 442
2 725
2 765
2 516
2 737
2 647
2 447
2 390
2 1359
2 701
2 426
2 469
2 522
2 547
2 631
2 869
2 430
2 627
2 547
2 590
2 403
2 504
2 450
2 734
2 706
2 510
2 631
2 382
2 985
2 1003
2 422
2 504
2 476
2 587
2 482
2 894
2 510
2 405
2 864
2 420
2 623
2 480
2 843
2 827
2 638
2 776
2 616
2 607
2 523
2 1057
2 929
2 655
2 602
2 573
2 501
2 437
2 579
2 505
2 507
2 598
2 569
2 551
2 710
2 676
2 773
2 511
2 667
2 583
2 1082
2 561
2 1015
2 512
2 735
2 523
2 371
2 492
2 947
2 569
2 564
2 462
2 561
2 507
2 554
2 428
2 427
2 513
2 501
2 614
2 965
2 747
2 596
2 423
2 455
2 458
2 517
2 578
2 625
2 735
2 687
2 453
2 715
2 544
2 451
2 922
2 1027
2 739
2 716
2 898
2 558
2 479
2 504
2 607
2 966
2 555
2 713
2 868
2 483
2 484
2 562
2 672
2 622
2 633
2 425
2 734
2 608
2 537
2 597
2 612
2 466
2 549
2 486
2 436
2 492
2 1013
2 594
2 486
2 695
2 576
2 393
2 429
2 526
2 607
2 748
2 692
2 1419
2 434
2 531
2 595
2 688
2 545
2 741
2 422
2 640
2 1044
2 439
2 786
2 624
2 785
2 536
2 1735
2 444
2 701
2 567
3 665
3 790
3 617
3 513
3 555
3 481
3 549
3 694
3 645
3 674
3 1458
3 1011
3 821
3 481
3 603
3 560
3 611
3 513
3 1285
3 805
3 573
3 766
3 636
3 1143
3 698
3 827
3 580
3 725
3 571
3 816
3 675
3 631
3 577
3 505
3 920
3 820
3 1027
3 695
3 586
3 668
3 734
3 769
3 819
3 756
3 720
3 607
3 839
3 623
3 710
3 527
3 932
3 645
3 995
3 621
3 549
3 1235
3 930
3 738
3 762
3 658
3 693
3 733
3 781
3 685
3 526
3 619
3 729
3 671
3 771
3 923
3 678
3 610
3 879
3 805
3 507
3 629
3 591
3 589
3 739
3 970
3 551
3 668
3 567
3 682
3 812
3 525
3 795
3 752
3 991
3 570
3 781
3 878
3 708
3 525
3 617
3 941
3 728
3 509
3 827
3 706
3 989
3 537
3 734
3 767
3 984
3 620
3 741
3 799
3 753
3 511
3 1125
3 673
3 811
3 595
3 643
3 687
3 1025
3 916
3 702
3 486
3 621
3 495
3 586
3 658
3 1197
3 503
3 776
3 617
3 728
3 883
3 795
3 709
3 605
3 627
3 796
3 761
3 579
3 714
3 725
3 630
3 619
3 829
3 611
3 1091
3 546
3 775
3 727
3 1020
3 735
3 616
3 907
3 824
3 702
3 1068
3 920
3 669
3 646
3 595
3 927
3 945
3 693
3 773
3 799
3 548
3 832
3 714
3 665
3 524
3 1006
3 728
3 626
3 881
3 564
3 935
3 872
3 749
3 618
3 1174
3 595
3 702
3 670
3 554
3 663
3 665
3 905
3 871
3 591
3 676
3 515
3 662
3 550
3 636
3 694
3 602
3 1417
3 759
3 852
3 879
3 661
3 616
3 1017
3 525
3 696
3 608
3 685
3 690
3 798
3 679
3 564
3 845
3 729
3 1212
3 889
3 545
3 725
3 857
3 720
3 712
3 616
3 610
3 668
3 1277
3 691
3 1064
3 682
3 613
3 716
3 800
3 772
3 721
3 615
3 485
3 754
3 671
3 512
3 736
3 773
3 1109
3 766
3 617
3 750
3 876
3 608
3 835
3 842
3 718
3 796
3 1037
3 656
3 1043
3 632
3 656
3 928
3 609
3 619
3 618
3 798
3 559
3 764
3 811
3 992
3 795
3 590
3 635
3 680
3 606
3 850
3 827
3 784
3 741
3 694
3 524
3 556
3 653
3 657
3 903
3 549
3 559
3 979
3 615
3 1029
3 607
3 818
3 694
3 895
3 636
3 748
3 857
3 613
3 647
3 577
3 814
3 1047
3 634
3 707
3 887
3 839
3 661
3 584
3 617
3 643
3 497
3 863
3 790
3 690
3 759
3 567
3 631
3 641
3 813
3 671
3 616
3 632
3 974
3 647
3 569
3 1375
3 545
3 628
3 620
3 835
3 714
3 561
3 645
3 698
3 594
3 630
3 680
3 775
3 535
3 1061
3 787
3 649
3 523
3 850
3 781
3 560
3 583
3 696
3 618
3 597
3 913
3 711
3 845
3 648
3 747
3 832
3 748
3 798
3 625
3 630
3 549
3 962
3 750
3 613
3 962
3 782
3 770
3 643
3 603
3 762
3 805
3 792
3 755
3 857
3 1307
3 978
3 600
3 637
3 841
3 641
3 1087
3 497
3 807
3 564
3 660
3 673
3 780
3 799
3 1020
3 1042
3 833
3 775
3 619
3 674
3 724
3 590
3 741
3 776
3 526
3 573
3 702
3 890
3 1042
3 608
3 608
3 709
3 678
3 1180
3 744
3 787
3 845
3 975
3 552
3 572
3 676
3 738
3 574
3 703
3 1180
3 622
3 750
3 629
3 900
3 672
3 904
3 792
3 744
3 661
3 717
3 725
3 891
3 802
3 717
3 640
3 539
3 1014
3 933
3 670
3 509
3 803
3 793
3 697
3 625
3 639
3 713
3 562
3 1332
3 608
3 600
3 762
3 838
3 1242
3 652
3 583
3 581
3 589
3 591
3 650
3 646
3 581
3 692
3 968
3 1299
3 690
3 647
3 1024
3 603
3 640
3 729
3 770
3 909
3 844
3 653
3 703
3 530
3 783
3 808
3 592
3 1005
3 674
3 765
3 689
3 1028
3 818
3 566
3 905
3 583
3 746
3 823
3 636
3 505
3 1207
3 812
3 760
3 529
3 705
3 703
3 601
3 710
3 575
3 686
3 767
3 795
3 547
3 878
3 876
3 883
3 759
3 618
3 789
3 1069
3 561
3 869
3 630
3 743
3 647
3 526
3 733
3 643
3 583
3 838
3 783
3 1179
3 870
3 852
3 559
3 921
3 913
3 938
3 614
3 655
3 852
3 575
3 945
3 686
3 729
3 686
3 676
3 958
3 639
3 626
3 754
3 584
3 742
3 607
3 572
3 551
3 779
3 603
3 602
3 582
3 670
3 470
3 687
3 777
3 655
3 612
3 547
3 687
3 877
3 618
3 527
3 926
3 708
3 831
3 662
3 720
3 631
3 592
3 735
3 492
3 681
3 789
3 768
3 782
3 688
3 545
3 1076
3 588
3 755
3 751
3 539
3 525
3 878
3 1145
3 777
3 845
3 1153
3 796
3 631
3 750
3 1205
3 817
3 1066
3 1036
3 889
3 677
3 639
3 531
3 550
3 681
3 832
3 946
3 563
3 676
3 633
3 701
3 659
3 801
3 529
3 686
3 700
3 664
3 1233
3 737
3 672
3 1307
3 733
3 670
3 509
3 691
3 770
3 727
3 676
3 788
3 1187
3 571
3 595
3 544
3 694
3 525
3 607
3 590
3 636
3 550
3 757
3 862
3 588
3 762
3 948
3 832
3 544
3 852
3 546
3 664
3 925
3 888
3 1130
3 570
3 842
3 772
3 792
3 683
3 1005
3 825
3 652
3 1235
3 584
3 572
3 542
3 678
3 615
3 566
3 747
3 930
3 718
3 575
3 686
3 785
3 617
3 506
3 681
3 1033
3 640
3 682
3 768
3 754
3 753
3 826
3 1101
3 947
3 572
3 703
3 911
3 985
3 1537
3 636
3 1168
3 646
3 712
3 548
3 1046
3 567
3 990
3 875
3 761
3 588
3 822
3 774
3 980
3 905
3 609
3 972
3 626
3 653
3 610
3 593
3 581
3 1047
3 762
3 732
3 734
3 582
3 844
3 648
3 817
3 720
3 670
3 658
3 757
3 544
3 610
3 1121
3 547
3 659
3 584
3 539
3 946
3 1005
3 1087
3 553
3 680
3 672
3 823
3 583
3 688
3 640
3 791
3 975
3 708
3 818
3 615
3 516
3 888
3 601
3 1199
3 653
3 867
3 642
3 771
3 579
3 675
3 714
3 646
3 491
3 716
3 774
3 578
3 1016
3 1000
3 785
3 658
3 823
3 878
3 1034
3 829
3 680
3 796
3 1052
3 580
3 656
3 869
3 609
3 1069
3 778
3 552
3 578
3 815
3 654
3 626
3 799
3 490
3 538
3 677
3 654
3 706
3 847
3 1217
3 591
3 885
3 1027
3 548
3 739
3 797
3 552
3 583
3 610
3 764
3 748
3 644
3 650
3 797
3 693
3 596
3 652
3 1364
3 684
3 653
3 728
3 1356
3 607
3 547
3 570
3 625
3 492
3 583
3 745
3 611
3 653
3 954
3 575
3 664
3 845
3 1357
3 892
3 651
3 1574
3 762
3 603
3 678
3 660
3 548
3 664
3 643
3 557
3 642
3 1023
3 708
3 1239
3 596
3 1106
3 666
3 571
3 577
3 613
3 1133
3 757
3 766
3 662
3 805
3 607
3 1026
3 821
3 763
3 930
3 758
3 635
3 569
3 1215
3 699
3 704
3 883
3 639
3 540
3 717
3 687
3 576
3 642
3 1004
3 546
3 804
3 810
3 830
3 764
3 545
3 599
3 590
3 636
3 702
3 1233
3 639
3 572
3 774
3 771
3 929
3 731
3 637
3 896
3 586
3 893
3 575
3 543
3 691
3 630
3 573
3 798
3 913
3 1451
3 672
3 1067
3 921
3 988
3 680
3 747
3 601
3 603
3 561
3 644
3 686
3 609
3 587
3 529
3 733
3 626
3 728
3 521
3 690
3 627
3 569
3 1020
3 764
3 513
3 919
3 872
3 1026
3 551
3 942
3 813
3 1241
3 787
3 554
3 684
3 621
3 650
3 619
3 1083
3 771
3 1203
3 617
3 703
3 718
3 783
3 659
3 677
3 601
3 592
3 893
3 1279
3 1034
3 1354
3 865
3 482
3 566
3 762
3 910
3 1099
3 492
3 768
3 806
3 644
3 656
3 743
3 662
3 1392
3 745
3 806
3 620
3 769
3 733
3 732
3 498
3 689
3 977
3 584
3 556
3 627
3 967
3 966
3 648
3 754
3 610
3 727
3 757
3 674
3 749
3 716
3 987
3 1312
3 772
3 1017
3 784
3 664
3 699
3 829
3 782
3 671
3 662
3 580
3 744
3 601
3 545
3 1354
3 773
3 797
3 1033
3 561
3 937
3 659
3 687
3 616
3 992
3 719
3 700
3 713
3 529
3 628
3 935
3 687
3 578
3 673
3 856
3 583
3 787
3 1126
3 590
3 635
3 686
3 625
3 511
3 663
3 550
3 675
3 853
3 1135
3 580
3 558
3 837
3 560
3 766
3 774
3 925
3 656
3 927
3 677
3 594
3 599
3 795
3 776
3 862
3 854
3 630
3 697
3 548
3 658
3 623
3 688
3 921
3 548
3 759
3 590
3 765
3 531
3 1020
3 596
3 619
3 641
3 1247
3 491
3 826
3 741
3 1825
3 588
3 593
3 562
3 985
3 814
3 1023
3 867
3 685
3 907
3 728
3 778
3 545
3 1151
3 677
3 773
3 512
3 623
3 617
3 599
3 586
3 1235
3 524
3 615
3 790
3 641
3 669
3 741
3 816
3 801
3 706
3 935
3 708
3 659
3 728
3 708
3 865
3 820
3 678
3 731
3 520
3 511
3 635
3 1023
3 512
3 652
3 699
3 718
3 976
3 612
3 713
3 771
3 561
3 713
3 656
3 745
3 755
3 564
3 580
3 819
3 611
3 960
3 852
3 576
3 578
3 815
3 828
3 516
3 881
3 793
3 890
3 683
3 680
3 552
3 785
3 712
3 549
3 613
3 642
3 634
3 1443
3 582
3 659
3 687
3 584
3 655
3 569
3 1140
3 765
3 877
3 564
3 537
3 801
3 662
3 812
3 647
3 934
3 696
3 791
3 2273
3 598
3 625
3 718
3 804
3 542
3 490
3 631
3 934
3 887
3 579
3 533
3 627
3 625
3 598
3 981
3 831
3 520
3 696
3 596
3 1578
3 514
3 697
3 752
3 732
3 697
3 778
3 697
3 1211
3 663
3 734
3 693
3 906
3 616
3 1272
3 710
3 1028
3 680
3 924
3 776
3 762
3 573
3 1215
3 842
3 548
3 661
3 684
3 690
3 643
3 1076
3 580
3 822
3 822
3 697
3 708
3 694
3 717
3 865
3 801
3 744
3 1140
3 792
3 488
3 591
3 735
3 614
3 624
3 747
3 732
3 688
3 543
3 658
3 1026
3 611
3 1066
3 964
3 714
3 541
3 611
3 553
3 577
3 575
3 525
3 1168
3 1139
3 735
3 664
3 653
3 1038
3 705
3 498
3 559
3 715
3 548
3 964
3 640
3 622
3 802
3 656
3 612
3 895
3 715
3 688
3 625
3 562
3 618
3 1071
3 629
3 741
3 801
3 583
3 591
3 577
3 627
3 931
3 841
3 677
3 805
3 771
3 634
3 590
3 694
3 562
3 705
3 884
3 586
3 837
3 761
3 657
3 893
3 864
3 680
3 635
3 554
3 1118
3 728
3 791
3 895
3 591
3 592
3 820
3 583
3 671
3 1169
3 615
3 513
3 571
3 596
3 557
3 794
3 1030
3 739
3 619
3 681
3 929
3 583
3 765
3 1161
3 727
3 712
3 626
3 951
3 1145
3 848
3 555
3 1071
3 626
3 718
3 933
3 883
3 595
3 708
3 560
3 748
3 598
3 796
3 798
3 484
3 528
3 739
3 619
3 658
3 667
3 489
3 595
3 760
3 677
3 574
3 699
3 502
3 604
3 555
3 692
3 864
3 620
3 556
3 635
3 713
3 879
3 736
3 568
3 855
3 631
3 871
3 758
3 711
3 504
3 737
3 621
3 903
3 601
3 778
3 647
3 573
3 762
3 667
3 1206
3 579
3 686
3 991
3 780
3 671
3 689
3 1102
3 622
3 872
3 691
3 645
3 619
3 807
3 509
3 936
3 991
3 618
3 705
3 554
3 580
3 506
3 919
3 631
3 546
3 635
3 842
3 713
3 478
3 799
3 863
3 761
3 1092
3 798
3 780
3 543
3 654
3 955
3 704
3 669
3 729
3 668
3 862
3 1089
3 823
3 782
3 797
3 747
3 599
3 770
3 469
3 770
3 808
3 684
3 542
3 649
3 561
3 764
3 566
3 745
3 916
3 892
3 539
3 846
3 1166
3 672
3 1056
3 820
3 649
3 1042
3 737
3 630
3 661
3 631
3 513
3 585
3 706
3 640
3 860
3 591
3 586
3 804
3 612
3 1198
3 1211
3 642
3 771
3 739
3 1029
3 533
3 588
3 936
3 702
3 837
3 853
3 823
3 547
3 717
3 539
3 660
3 982
3 596
3 677
3 558
3 779
3 1013
3 717
3 543
3 871
3 707
3 562
3 766
3 573
3 735
3 885
3 490
3 1199
3 1068
3 680
3 871
3 804
3 612
3 616
3 546
3 626
3 527
3 1054
3 757
3 611
3 839
3 921
3 812
3 672
3 547
3 619
3 1023
3 523
3 1014
3 1389
3 594
3 626
3 623
3 618
3 1072
3 559
3 601
3 599
3 605
3 885
3 709
3 776
3 906
3 1186
3 936
3 680
3 629
3 911
3 692
3 560
3 527
3 976
3 1346
3 824
3 732
3 461
3 810
3 596
3 614
3 987
3 1198
3 756
3 912
3 643
3 712
3 638
3 706
3 556
3 602
3 1114
3 522
3 697
3 576
3 553
3 817
3 604
3 817
3 891
3 589
3 902
3 692
3 791
3 661
3 1146
3 698
3 744
3 628
3 703
3 734
3 921
3 648
3 674
3 589
3 688
3 779
3 659
3 625
3 965
3 556
3 600
3 684
3 523
3 723
3 760
3 699
3 541
3 1014
3 629
3 1107
3 798
3 541
3 1182
3 564
3 689
3 517
3 1407
3 656
3 875
3 698
3 626
3 615
3 751
3 1092
3 538
3 726
3 929
3 727
3 624
3 585
3 492
3 591
3 606
3 717
3 626
3 586
3 1220
3 670
3 550
3 550
3 724
3 601
3 775
3 763
3 774
3 543
3 782
3 928
3 528
3 551
3 873
3 519
3 683
3 669
3 596
3 869
3 1025
3 579
3 658
3 1144
3 569
3 852
3 682
3 653
3 658
3 1175
3 766
3 586
3 628
3 1499
3 519
3 585
3 848
3 806
3 708
3 629
3 611
3 723
3 754
3 846
3 1063
3 613
3 731
3 779
3 715
3 566
3 632
3 1076
3 763
3 710
3 906
3 875
3 737
3 1171
3 664
3 504
3 603
3 808
3 623
3 571
3 607
3 685
3 878
3 662
3 906
3 935
3 820
3 702
3 616
3 634
3 469
3 729
3 767
3 599
3 787
3 943
3 719
3 636
3 806
3 706
3 658
3 843
3 720
3 550
3 718
3 665
3 620
3 800
3 707
3 812
3 542
3 612
3 667
3 673
3 1087
3 702
3 586
3 729
3 538
3 868
3 706
3 770
3 706
3 512
3 709
3 746
3 732
3 809
3 692
3 650
3 858
3 694
3 545
3 585
3 1231
3 559
3 628
3 526
3 691
3 819
3 793
3 940
3 532
3 1049
3 547
3 704
3 912
3 664
3 919
3 731
3 663
3 746
3 760
3 651
3 730
3 668
3 838
3 701
3 604
3 674
3 558
3 611
3 597
3 589
3 562
3 968
3 771
3 664
3 611
3 702
3 567
3 592
3 1019
3 960
3 861
3 800
3 807
3 813
3 841
3 755
3 1216
3 1042
3 610
3 744
3 597
3 599
3 741
3 676
3 672
3 550
3 608
3 740
3 859
3 767
3 899
3 625
3 699
3 875
3 647
3 957
3 842
3 718
3 732
3 771
3 561
3 951
3 749
3 599
3 708
3 627
3 566
3 797
3 668
3 693
3 921
3 1059
3 1071
3 640
3 811
3 578
3 836
3 631
3 749
3 494
3 675
3 578
3 818
3 947
3 583
3 865
3 951
3 611
3 866
3 615
3 1142
3 632
3 898
3 545
3 615
3 824
3 789
3 589
3 633
3 833
3 734
3 951
3 527
3 512
3 573
3 774
3 653
3 539
3 862
3 828
3 518
3 755
3 648
3 978
3 678
3 776
3 1051
3 516
3 865
3 680
3 691
3 643
3 897
3 813
3 648
3 935
3 717
3 1072
3 675
3 662
3 727
3 865
3 559
3 981
3 906
3 677
3 668
3 568
3 871
3 608
3 771
3 518
3 572
3 578
3 695
3 882
3 816
3 624
3 774
3 599
3 1026
3 572
3 556
3 621
3 809
3 643
3 542
3 706
3 995
3 679
3 809
3 681
3 855
3 515
3 565
3 977
3 600
3 721
3 1071
3 553
3 746
3 629
3 551
3 633
3 735
3 1024
3 619
3 814
3 681
3 736
3 759
3 564
3 1266
3 582
3 535
3 787
3 673
3 835
3 688
3 698
3 644
3 539
3 587
3 491
3 789
3 885
3 626
3 911
3 592
3 563
3 710
3 1469
3 623
3 556
3 1006
3 768
3 1370
3 694
3 715
3 551
3 624
3 691
3 765
3 580
3 811
3 781
3 914
3 652
3 822
3 497
3 688
3 648
3 565
3 1019
3 681
3 721
3 824
3 915
3 541
3 644
3 699
3 601
3 664
3 576
3 931
3 539
3 742
3 598
3 701
3 624
3 832
3 587
3 555
3 679
3 753
3 828
3 676
3 752
3 842
3 615
3 520
3 606
