condition rt
1 284
1 375
1 479
1 312
1 356
1 604
1 512
1 611
1 380
1 648
1 397
1 289
1 411
1 349
1 392
1 455
1 287
1 453
1 478
1 490
1 295
1 386
1 395
1 397
1 413
1 352
1 396
1 349
1 328
1 351
1 406
1 339
1 539
1 598
1 632
1 499
1 352
1 519
1 404
1 332
1 1001
1 389
1 459
1 364
1 560
1 507
1 414
1 271
1 339
1 720
1 416
1 371
1 492
1 484
1 561
1 291
1 335
1 328
1 629
1 265
1 790
1 380
1 340
1 553
1 813
1 374
1 471
1 330
1 430
1 340
1 458
1 556
1 571
1 436
1 405
1 303
1 444
1 791
1 392
1 387
1 523
1 275
1 552
1 401
1 554
1 288
1 514
1 355
1 588
1 313
1 290
1 465
1 377
1 456
1 265
1 443
1 438
1 349
1 304
1 394
1 363
1 646
1 278
1 439
1 304
1 421
1 368
1 452
1 520
1 600
1 578
1 424
1 739
1 537
1 681
1 497
1 433
1 472
1 645
1 365
1 311
1 361
1 388
1 567
1 351
1 367
1 378
1 451
1 358
1 570
1 604
1 552
1 474
1 301
1 366
1 474
1 563
1 316
1 269
1 316
1 479
1 327
1 475
1 472
1 541
1 509
1 368
1 423
1 457
1 466
1 498
1 334
1 565
1 505
1 299
1 414
1 426
1 487
1 406
1 398
1 351
1 270
1 746
1 316
1 357
1 279
1 372
1 474
1 384
1 341
1 394
1 360
1 396
1 438
1 400
1 439
1 447
1 480
1 425
1 370
1 429
1 339
1 332
1 310
1 439
1 412
1 394
1 391
1 915
1 351
1 289
1 338
1 295
1 448
1 280
1 453
1 375
1 372
1 406
1 333
1 536
1 384
1 311
1 277
1 432
1 671
1 528
1 468
1 322
1 527
1 381
1 487
1 464
1 274
1 427
1 345
1 310
1 325
1 322
1 322
1 393
1 411
1 414
1 427
1 718
1 289
1 410
1 444
1 490
1 501
1 452
1 417
1 400
1 683
1 467
1 338
1 472
1 304
1 324
1 445
1 634
1 327
1 478
1 505
1 284
1 536
1 360
1 518
1 376
1 692
1 705
1 310
1 446
1 503
1 348
1 341
1 447
1 475
1 466
1 390
1 499
1 329
1 532
1 348
1 570
1 309
1 340
1 308
1 381
1 406
1 356
1 495
1 366
1 343
1 331
1 359
1 544
1 492
1 334
1 300
1 527
1 333
1 414
1 349
1 389
1 375
1 403
1 351
1 393
1 428
1 296
1 322
1 402
1 339
1 397
1 318
1 476
1 337
1 621
1 295
1 558
1 399
1 505
1 388
1 330
1 321
1 380
1 417
1 477
1 777
1 282
1 436
1 329
1 345
1 520
1 338
1 377
1 504
1 428
1 254
1 962
1 432
1 467
1 262
1 430
1 681
1 419
1 323
1 429
1 276
1 435
1 379
1 541
1 312
1 369
1 338
1 384
1 487
1 465
1 421
1 516
1 321
1 402
1 294
1 296
1 362
1 544
1 385
1 486
1 310
1 574
1 689
1 291
1 483
1 323
1 469
1 283
1 684
1 436
1 563
1 600
1 279
1 353
1 304
1 581
1 345
1 381
1 318
1 417
1 325
1 546
1 510
1 376
1 410
1 385
1 256
1 337
1 442
1 545
1 324
1 613
1 737
1 397
1 345
1 349
1 355
1 377
1 380
1 412
1 372
1 376
1 549
1 316
1 569
1 327
1 341
1 428
1 418
1 334
1 400
1 478
1 359
1 405
1 345
1 589
1 298
1 296
1 418
1 595
1 363
1 358
1 410
1 282
1 450
1 317
1 473
1 636
1 323
1 319
1 412
1 416
1 451
1 313
1 555
1 412
1 366
1 394
1 398
1 391
1 344
1 373
1 394
1 678
1 326
1 520
1 307
1 455
1 499
1 570
1 985
1 324
1 354
1 432
1 404
1 717
1 326
1 657
1 486
1 331
1 626
1 532
1 319
1 364
1 483
1 376
1 632
1 364
1 400
1 291
1 366
1 396
1 372
1 304
1 476
1 374
1 380
1 371
1 435
1 369
1 415
1 503
1 382
1 461
1 306
1 441
1 440
1 573
1 340
1 446
1 339
1 429
1 572
1 359
1 323
1 347
1 462
1 301
1 336
1 278
1 716
1 297
1 393
1 606
1 751
1 308
1 286
1 425
1 357
1 498
1 337
1 335
1 313
1 262
1 389
1 636
1 301
1 429
1 414
1 295
1 304
1 263
1 408
1 376
1 442
1 502
1 393
1 409
1 302
1 505
1 339
1 298
1 371
1 473
1 348
1 480
1 608
1 372
1 589
1 365
1 418
1 317
1 556
1 443
1 289
1 526
1 409
1 323
1 389
1 317
1 527
1 345
1 383
1 309
1 590
1 504
1 331
1 683
1 358
1 344
1 402
1 303
1 405
1 450
1 325
1 389
1 324
1 544
1 467
1 346
1 539
1 384
1 275
1 291
1 389
1 384
1 333
1 499
1 413
1 323
1 498
1 444
1 509
1 332
1 260
1 360
1 304
1 347
1 278
1 571
1 587
1 319
1 269
1 306
1 537
1 539
1 290
1 395
1 359
1 402
1 433
1 390
1 398
1 412
1 614
1 491
1 380
1 312
1 633
1 309
1 565
1 375
1 402
1 407
1 331
1 465
1 449
1 632
1 424
1 578
1 286
1 598
1 393
1 239
1 297
1 474
1 521
1 287
1 462
1 447
1 320
1 451
1 418
1 481
1 333
1 341
1 317
1 327
1 427
1 552
1 330
1 379
1 343
1 670
1 282
1 448
1 418
1 449
1 359
1 521
1 267
1 646
1 334
1 280
1 425
1 480
1 304
1 491
1 378
1 672
1 479
1 333
1 346
1 317
1 305
1 281
1 498
1 261
1 467
1 342
1 433
1 355
1 465
1 475
1 775
1 300
1 750
1 554
1 841
1 341
1 379
1 323
1 480
1 363
1 355
1 640
1 267
1 481
1 496
1 337
1 448
1 335
1 410
1 326
1 277
1 288
1 448
1 299
1 520
1 443
1 468
1 505
1 425
1 277
1 305
1 415
1 367
1 369
1 455
1 614
1 340
1 603
1 361
1 321
1 455
1 300
1 408
1 380
1 706
1 550
1 405
1 309
1 433
1 672
1 371
1 453
1 282
1 607
1 323
1 377
1 580
1 444
1 397
1 293
1 351
1 401
1 524
1 368
1 260
1 339
1 439
1 350
1 439
1 351
1 314
1 352
1 393
1 483
1 315
1 343
1 383
1 678
1 353
1 269
1 587
1 326
1 744
1 317
1 416
1 345
1 275
1 501
1 330
1 329
1 434
1 576
1 514
1 343
1 790
1 404
1 358
1 607
1 358
1 365
1 538
1 368
1 632
1 423
1 1133
1 537
1 353
1 556
1 465
1 527
1 359
1 612
1 548
1 373
1 371
1 388
1 325
1 483
1 365
1 354
1 341
1 378
1 482
1 334
1 411
1 356
1 696
1 587
1 513
1 401
1 861
1 272
1 314
1 392
1 285
1 376
1 373
1 351
1 321
1 508
1 675
1 367
1 327
1 657
1 453
1 440
1 353
1 320
1 382
1 379
1 447
1 523
1 349
1 295
1 544
1 451
1 305
1 498
1 521
1 323
1 381
1 393
1 312
1 399
1 291
1 328
1 436
1 430
1 475
1 340
1 448
1 312
1 406
1 519
1 347
1 392
1 403
1 335
1 265
1 299
1 465
1 721
1 344
1 304
1 315
1 465
1 399
1 521
1 367
1 418
1 344
1 416
1 410
1 394
1 341
1 365
1 428
1 274
1 408
1 426
1 468
1 508
1 463
1 396
1 329
1 365
1 405
1 360
1 388
1 316
1 508
1 528
1 279
1 325
1 304
1 399
1 601
1 403
1 289
1 312
1 290
1 517
1 424
1 403
1 319
1 450
1 637
1 384
1 444
1 342
1 474
1 309
1 460
1 418
1 482
1 479
1 296
1 326
1 381
1 400
1 390
1 419
1 437
1 397
1 389
1 826
1 459
1 400
1 384
1 371
1 473
1 441
1 507
1 472
1 270
1 466
1 630
1 417
1 278
1 557
1 530
1 477
1 547
1 597
1 335
1 709
1 374
1 327
1 388
1 774
1 300
1 255
1 464
1 503
1 606
1 494
1 331
1 388
1 339
1 307
1 545
1 357
1 340
1 414
1 490
1 584
1 453
1 457
1 413
1 389
1 640
1 413
1 308
1 401
1 286
1 715
1 377
1 341
1 509
1 422
1 1018
1 405
1 753
1 460
1 769
1 310
1 411
1 313
1 544
1 339
1 494
1 406
1 343
1 360
1 348
1 495
1 560
1 798
1 368
1 328
1 675
1 328
1 295
1 308
1 372
1 365
1 344
1 566
1 442
1 338
1 477
1 354
1 350
1 315
1 287
1 317
1 494
1 523
1 636
1 693
1 367
1 315
1 389
1 395
1 490
1 241
1 519
1 422
1 289
1 504
1 422
1 360
1 345
1 515
1 303
1 359
1 390
1 341
1 520
1 421
1 456
1 405
1 498
1 316
1 364
1 365
1 285
1 446
1 440
1 401
1 514
1 301
1 370
1 780
1 296
1 318
1 457
1 645
1 299
1 399
1 477
1 351
1 508
1 443
1 350
1 525
1 482
1 383
1 519
1 324
1 376
1 440
1 420
1 365
1 304
1 386
1 334
1 425
1 354
1 442
1 390
1 392
1 414
1 376
1 462
1 420
1 383
1 311
1 332
1 910
1 489
1 432
1 302
1 330
1 448
1 330
1 299
1 334
1 464
1 394
1 419
1 466
1 609
1 472
1 410
1 347
1 631
1 423
1 410
1 240
1 627
1 309
1 450
1 340
1 653
1 315
1 310
1 565
1 631
1 407
1 404
1 379
1 528
1 291
1 549
1 436
1 383
1 455
1 434
1 346
1 423
1 357
1 323
1 332
1 281
1 325
1 453
1 280
1 317
1 346
1 348
1 460
1 361
1 468
1 323
1 474
1 340
1 714
1 420
1 453
1 741
1 498
1 603
1 378
1 424
1 559
1 406
1 505
1 477
1 580
1 355
1 361
1 253
1 253
1 548
1 284
1 359
1 352
1 710
1 326
1 285
1 325
1 421
1 376
1 369
1 399
1 310
1 352
1 383
1 321
1 309
1 468
1 319
1 476
1 397
1 568
1 369
1 323
1 421
1 390
1 281
1 403
1 426
1 403
1 321
1 342
1 304
1 407
1 307
1 444
1 477
1 315
1 289
1 482
1 520
1 306
1 383
1 728
1 323
1 585
1 580
1 392
1 660
1 869
1 417
1 345
1 330
1 468
1 713
1 326
1 377
1 333
1 310
1 525
1 441
1 499
1 289
1 602
1 392
1 418
1 396
1 322
1 544
1 373
1 379
1 351
1 799
1 778
1 436
1 509
1 457
1 404
1 268
1 297
1 325
1 372
1 637
1 298
1 516
1 429
1 478
1 525
1 360
1 466
1 583
1 419
1 403
1 325
1 392
1 417
1 442
1 374
1 378
1 362
1 347
1 1231
1 393
1 312
1 504
1 310
1 452
1 309
1 431
1 540
1 512
1 311
1 498
1 257
1 352
1 311
1 481
1 353
1 500
1 411
1 336
1 512
1 328
1 507
1 425
1 555
1 605
1 418
1 377
1 353
1 353
1 379
1 372
1 548
1 462
1 341
1 892
1 869
1 357
1 359
1 438
1 407
1 343
1 344
1 564
1 451
1 272
1 281
1 544
1 659
1 420
1 337
1 599
1 324
1 384
1 413
1 618
1 574
1 375
1 281
1 421
1 479
1 278
1 308
1 312
1 713
1 320
1 420
1 327
1 454
1 327
1 346
1 323
1 581
1 510
1 373
1 476
1 345
1 381
1 337
1 340
1 380
1 407
1 439
1 423
1 303
1 315
1 354
1 501
1 340
1 692
1 588
1 358
1 399
1 262
1 579
1 459
1 402
1 433
1 387
1 254
1 249
1 383
1 329
1 506
1 380
1 487
1 358
1 355
1 291
1 317
1 396
1 404
1 731
1 293
1 549
1 385
1 416
1 283
1 320
1 453
1 321
1 385
1 453
1 558
1 329
1 394
1 328
1 403
1 411
1 299
1 421
1 320
1 595
1 470
1 280
1 323
1 473
1 283
1 289
1 264
1 255
1 393
1 457
1 351
1 340
1 366
1 381
1 454
1 428
1 348
1 442
1 572
1 395
1 395
1 335
1 281
1 502
1 401
1 364
1 366
1 358
1 474
1 385
1 362
1 386
1 735
1 369
1 301
1 564
1 402
1 417
1 505
1 606
1 418
1 534
1 314
1 434
1 433
1 538
1 377
1 374
1 461
1 334
1 431
1 338
1 452
1 440
1 346
1 790
1 263
1 415
1 339
1 420
1 593
1 422
1 460
1 290
1 541
1 411
1 350
1 381
1 413
1 454
1 343
1 396
1 468
1 388
1 438
1 484
1 361
1 513
1 411
1 528
1 421
1 552
1 847
1 365
1 382
1 381
1 476
1 293
1 458
1 310
1 371
1 525
1 504
1 352
1 371
1 634
1 532
1 312
1 292
1 557
1 344
1 377
1 289
1 327
1 820
1 372
1 564
1 417
1 373
1 465
1 417
1 323
1 818
1 600
1 330
1 663
1 338
1 359
1 335
1 367
1 287
1 360
1 399
1 406
1 311
1 372
1 291
1 490
1 360
1 374
1 386
1 344
1 572
1 351
1 367
1 361
1 546
1 688
1 369
1 474
1 449
1 370
1 293
1 413
1 457
1 513
1 329
1 327
1 320
1 591
1 495
1 334
1 379
1 282
1 284
1 294
1 392
1 333
1 374
1 633
1 306
1 426
1 558
1 530
1 662
1 577
1 597
1 347
1 393
1 379
1 287
1 276
1 353
1 497
1 567
1 266
1 567
1 313
1 324
1 513
1 527
1 506
1 274
1 370
1 334
1 441
1 397
1 456
1 370
1 392
1 292
1 346
1 400
1 308
1 393
1 433
1 419
1 433
1 358
1 588
1 420
1 673
1 542
1 564
1 439
1 382
1 453
1 376
1 512
1 314
1 419
1 270
1 900
1 425
1 259
1 734
1 388
1 359
1 866
1 379
1 349
1 798
1 426
1 372
1 595
1 580
1 435
1 488
1 449
1 400
1 413
1 311
1 317
1 352
1 419
1 313
1 448
1 421
1 418
1 334
1 727
1 446
1 507
1 467
1 297
1 400
1 426
1 347
1 627
1 348
1 333
1 320
1 374
1 385
1 587
1 666
1 425
1 493
1 513
1 453
1 389
1 424
1 722
1 278
1 338
1 696
1 439
1 458
1 437
1 347
1 403
1 354
1 411
1 584
1 374
1 375
1 366
1 384
1 310
1 272
1 311
1 344
1 413
1 356
1 566
1 314
1 419
1 449
1 370
1 558
1 657
1 405
1 351
1 341
1 358
1 293
1 306
1 562
1 355
1 371
1 390
1 596
1 451
1 470
1 377
1 385
1 349
1 601
1 310
1 329
1 666
1 564
1 589
1 406
1 514
1 421
1 554
1 434
1 368
1 430
1 334
1 330
1 517
1 310
1 591
1 391
1 515
1 381
1 388
1 381
1 372
1 587
1 301
1 336
1 455
1 386
1 288
1 358
1 289
1 308
1 548
1 322
1 376
1 460
1 476
1 478
1 443
1 373
1 405
1 429
1 529
1 637
1 371
1 381
1 418
1 274
1 333
1 435
1 424
1 684
1 493
1 440
1 525
1 308
1 483
1 431
1 634
1 440
1 479
1 394
1 346
1 255
1 298
1 440
1 401
1 586
1 293
1 351
1 564
1 248
1 414
1 334
1 290
1 375
1 383
1 388
1 554
1 539
1 454
1 551
1 402
1 447
1 273
1 401
1 384
1 395
1 528
1 388
1 269
1 348
1 414
1 465
1 544
1 341
1 817
1 301
1 392
1 418
1 404
1 341
1 433
1 547
1 514
1 321
1 452
1 450
1 406
1 375
1 566
1 433
1 374
1 340
1 559
1 527
1 464
1 471
1 311
1 418
1 318
1 387
1 289
1 800
1 285
1 402
1 647
1 389
1 301
1 340
1 652
1 376
1 313
1 380
1 322
1 382
1 432
1 297
1 424
1 323
1 637
1 388
1 384
1 354
1 463
1 711
1 433
1 398
1 377
1 456
1 465
1 483
1 601
1 888
1 620
1 441
1 537
1 249
1 603
1 452
1 367
1 495
1 374
1 360
1 420
1 461
1 244
1 361
1 432
1 468
1 370
1 336
1 308
1 417
1 891
1 355
1 306
1 286
1 332
1 319
1 339
1 332
1 416
1 355
1 410
1 394
1 347
1 380
1 443
1 327
1 609
1 397
1 1319
1 356
1 472
1 593
1 344
1 623
1 274
1 290
1 612
1 537
1 372
1 320
1 399
1 465
1 638
1 427
1 474
1 555
1 354
1 338
1 795
1 374
1 445
1 274
1 346
1 592
1 356
1 537
1 413
1 458
1 393
1 427
1 403
1 463
1 656
1 435
1 371
1 316
1 283
1 385
1 336
1 405
1 293
1 424
1 506
1 354
1 435
1 571
1 435
1 398
1 310
1 399
1 379
1 454
1 479
1 444
1 432
1 296
1 394
1 448
1 486
1 380
1 271
1 467
1 408
1 268
1 513
1 719
1 317
1 624
1 361
1 618
1 410
1 464
1 252
1 323
1 365
1 366
1 326
1 347
1 472
1 555
1 457
1 485
1 323
1 415
1 318
1 996
1 329
1 305
1 421
1 427
1 589
1 296
1 472
1 348
1 307
1 478
1 299
1 391
1 631
1 312
1 707
1 409
1 401
1 420
1 354
1 264
1 318
1 397
1 491
1 403
1 562
1 276
1 643
1 458
1 440
1 476
1 483
2 474
2 523
2 531
2 502
2 457
2 314
2 669
2 397
2 477
2 499
2 390
2 503
2 432
2 335
2 395
2 460
2 478
2 728
2 460
2 408
2 718
2 454
2 478
2 388
2 831
2 520
2 822
2 432
2 473
2 481
2 463
2 548
2 411
2 353
2 886
2 330
2 770
2 348
2 580
2 868
2 384
2 417
2 340
2 798
2 385
2 350
2 737
2 594
2 362
2 337
2 965
2 355
2 643
2 449
2 577
2 414
2 545
2 554
2 327
2 407
2 650
2 384
2 309
2 390
2 433
2 565
2 452
2 395
2 331
2 507
2 353
2 483
2 560
2 410
2 389
2 471
2 631
2 504
2 343
2 528
2 319
2 527
2 528
2 658
2 590
2 397
2 292
2 324
2 674
2 472
2 325
2 539
2 327
2 416
2 692
2 614
2 635
2 401
2 372
2 370
2 528
2 671
2 312
2 758
2 335
2 484
2 895
2 360
2 463
2 708
2 368
2 431
2 1469
2 1260
2 351
2 398
2 567
2 574
2 362
2 267
2 409
2 725
2 558
2 881
2 382
2 376
2 528
2 445
2 416
2 391
2 706
2 767
2 321
2 751
2 483
2 373
2 353
2 616
2 343
2 423
2 585
2 697
2 397
2 309
2 290
2 523
2 611
2 665
2 361
2 465
2 692
2 762
2 464
2 447
2 451
2 430
2 410
2 312
2 366
2 401
2 332
2 440
2 320
2 599
2 301
2 472
2 916
2 1181
2 530
2 379
2 515
2 547
2 493
2 511
2 572
2 508
2 402
2 415
2 492
2 694
2 588
2 407
2 673
2 288
2 729
2 731
2 319
2 599
2 369
2 320
2 638
2 414
2 442
2 420
2 682
2 541
2 504
2 405
2 653
2 601
2 384
2 500
2 514
2 440
2 610
2 478
2 363
2 449
2 1134
2 779
2 411
2 473
2 456
2 690
2 288
2 431
2 400
2 745
2 594
2 431
2 572
2 647
2 1114
2 450
2 528
2 802
2 429
2 393
2 606
2 592
2 494
2 526
2 514
2 372
2 304
2 786
2 365
2 343
2 457
2 514
2 391
2 343
2 549
2 458
2 323
2 625
2 770
2 832
2 834
2 512
2 794
2 490
2 422
2 687
2 474
2 589
2 520
2 546
2 567
2 410
2 558
2 350
2 323
2 550
2 583
2 559
2 588
2 576
2 457
2 534
2 354
2 430
2 495
2 643
2 489
2 611
2 428
2 619
2 964
2 275
2 535
2 489
2 399
2 492
2 278
2 346
2 526
2 346
2 720
2 371
2 373
2 285
2 314
2 310
2 335
2 357
2 415
2 419
2 492
2 521
2 464
2 586
2 464
2 662
2 358
2 463
2 419
2 546
2 356
2 340
2 462
2 432
2 532
2 538
2 565
2 552
2 400
2 589
2 434
2 436
2 275
2 987
2 428
2 404
2 642
2 595
2 468
2 478
2 577
2 666
2 405
2 689
2 695
2 398
2 604
2 560
2 314
2 393
2 441
2 329
2 414
2 698
2 704
2 508
2 505
2 1101
2 401
2 330
2 853
2 503
2 576
2 509
2 327
2 419
2 967
2 409
2 339
2 306
2 291
2 471
2 476
2 408
2 778
2 438
2 352
2 457
2 926
2 599
2 456
2 825
2 459
2 516
2 520
2 510
2 458
2 459
2 359
2 343
2 589
2 393
2 425
2 429
2 395
2 448
2 434
2 405
2 531
2 520
2 478
2 538
2 289
2 644
2 369
2 649
2 645
2 496
2 681
2 515
2 609
2 427
2 470
2 481
2 476
2 486
2 790
2 487
2 475
2 502
2 336
2 807
2 270
2 478
2 571
2 399
2 358
2 436
2 412
2 679
2 395
2 414
2 628
2 461
2 478
2 353
2 393
2 306
2 586
2 560
2 659
2 394
2 844
2 360
2 366
2 403
2 695
2 809
2 392
2 467
2 741
2 560
2 656
2 650
2 423
2 407
2 756
2 753
2 543
2 446
2 621
2 472
2 523
2 630
2 397
2 504
2 275
2 473
2 309
2 661
2 482
2 511
2 473
2 445
2 389
2 490
2 349
2 791
2 684
2 462
2 400
2 456
2 851
2 397
2 495
2 451
2 401
2 671
2 744
2 408
2 382
2 506
2 490
2 339
2 422
2 613
2 985
2 623
2 359
2 893
2 284
2 483
2 605
2 499
2 520
2 319
2 637
2 435
2 746
2 349
2 330
2 396
2 454
2 411
2 685
2 448
2 513
2 371
2 637
2 293
2 358
2 463
2 389
2 584
2 461
2 556
2 461
2 443
2 305
2 390
2 318
2 498
2 425
2 437
2 764
2 416
2 464
2 609
2 312
2 538
2 427
2 612
2 295
2 811
2 330
2 885
2 754
2 387
2 468
2 617
2 502
2 972
2 586
2 470
2 387
2 458
2 493
2 424
2 697
2 342
2 642
2 424
2 462
2 360
2 372
2 1173
2 567
2 752
2 594
2 568
2 423
2 547
2 804
2 664
2 341
2 466
2 449
2 502
2 330
2 1115
2 662
2 367
2 484
2 448
2 410
2 532
2 352
2 572
2 395
2 448
2 652
2 477
2 503
2 318
2 442
2 756
2 565
2 443
2 517
2 536
2 498
2 392
2 763
2 615
2 599
2 558
2 473
2 356
2 380
2 384
2 496
2 465
2 780
2 1078
2 413
2 554
2 822
2 627
2 521
2 412
2 553
2 565
2 342
2 410
2 838
2 328
2 491
2 1129
2 582
2 355
2 717
2 685
2 425
2 346
2 296
2 373
2 814
2 1091
2 574
2 725
2 630
2 458
2 543
2 612
2 543
2 511
2 439
2 510
2 713
2 656
2 369
2 358
2 375
2 307
2 422
2 878
2 331
2 381
2 576
2 417
2 749
2 328
2 670
2 654
2 421
2 716
2 348
2 1014
2 389
2 439
2 278
2 653
2 572
2 396
2 424
2 523
2 784
2 529
2 282
2 457
2 592
2 519
2 763
2 332
2 375
2 925
2 590
2 426
2 378
2 426
2 418
2 517
2 723
2 571
2 705
2 716
2 397
2 1094
2 316
2 404
2 640
2 586
2 382
2 442
2 461
2 849
2 462
2 469
2 545
2 543
2 455
2 504
2 621
2 550
2 374
2 397
2 477
2 523
2 725
2 340
2 434
2 395
2 634
2 344
2 325
2 575
2 637
2 350
2 334
2 543
2 456
2 522
2 329
2 442
2 452
2 477
2 457
2 508
2 333
2 491
2 1123
2 429
2 438
2 417
2 455
2 472
2 321
2 488
2 480
2 324
2 322
2 778
2 395
2 405
2 488
2 463
2 356
2 336
2 598
2 348
2 579
2 325
2 552
2 654
2 535
2 409
2 443
2 1156
2 797
2 693
2 470
2 514
2 412
2 313
2 563
2 540
2 343
2 763
2 512
2 698
2 702
2 362
2 598
2 574
2 590
2 527
2 756
2 592
2 335
2 651
2 366
2 584
2 436
2 455
2 452
2 412
2 858
2 791
2 573
2 345
2 433
2 736
2 283
2 512
2 496
2 322
2 444
2 348
2 350
2 642
2 477
2 518
2 558
2 678
2 608
2 312
2 529
2 867
2 840
2 391
2 527
2 890
2 784
2 308
2 357
2 644
2 506
2 588
2 327
2 637
2 453
2 557
2 385
2 425
2 453
2 495
2 397
2 628
2 627
2 853
2 711
2 540
2 596
2 285
2 444
2 614
2 405
2 899
2 354
2 1111
2 429
2 356
2 385
2 684
2 395
2 608
2 705
2 448
2 405
2 605
2 425
2 482
2 614
2 400
2 516
2 355
2 529
2 324
2 312
2 394
2 574
2 400
2 469
2 580
2 515
2 544
2 455
2 608
2 423
2 591
2 590
2 595
2 551
2 424
2 759
2 425
2 800
2 483
2 592
2 667
2 605
2 569
2 460
2 365
2 592
2 459
2 574
2 482
2 320
2 822
2 389
2 376
2 403
2 865
2 568
2 453
2 704
2 666
2 375
2 263
2 455
2 524
2 522
2 390
2 705
2 696
2 439
2 495
2 546
2 527
2 627
2 318
2 708
2 911
2 441
2 381
2 647
2 393
2 542
2 316
2 356
2 479
2 448
2 538
2 343
2 444
2 463
2 457
2 558
2 450
2 517
2 521
2 438
2 492
2 643
2 607
2 577
2 330
2 610
2 518
2 459
2 395
2 556
2 900
2 849
2 579
2 320
2 628
2 403
2 409
2 661
2 396
2 478
2 479
2 618
2 528
2 694
2 475
2 531
2 498
2 470
2 338
2 805
2 475
2 352
2 467
2 355
2 477
2 568
2 312
2 695
2 639
2 283
2 351
2 388
2 516
2 768
2 798
2 445
2 312
2 441
2 343
2 522
2 378
2 433
2 334
2 359
2 1469
2 483
2 461
2 438
2 899
2 383
2 737
2 421
2 638
2 386
2 762
2 319
2 501
2 616
2 344
2 300
2 708
2 383
2 464
2 523
2 965
2 474
2 281
2 342
2 577
2 482
2 460
2 315
2 419
2 587
2 536
2 416
2 682
2 564
2 381
2 280
2 452
2 343
2 767
2 523
2 461
2 649
2 577
2 517
2 502
2 549
2 458
2 494
2 530
2 634
2 561
2 375
2 494
2 588
2 389
2 505
2 440
2 505
2 646
2 575
2 495
2 615
2 964
2 466
2 286
2 477
2 469
2 374
2 381
2 334
2 424
2 430
2 364
2 704
2 415
2 703
2 401
2 502
2 726
2 328
2 349
2 417
2 489
2 715
2 875
2 398
2 531
2 338
2 349
2 799
2 452
2 562
2 456
2 413
2 960
2 643
2 322
2 310
2 426
2 518
2 644
2 579
2 408
2 378
2 483
2 592
2 336
2 475
2 376
2 468
2 689
2 492
2 325
2 477
2 523
2 339
2 627
2 487
2 305
2 586
2 618
2 334
2 337
2 612
2 633
2 583
2 604
2 372
2 547
2 438
2 583
2 530
2 353
2 377
2 434
2 409
2 447
2 933
2 377
2 657
2 574
2 362
2 569
2 554
2 327
2 274
2 366
2 369
2 909
2 583
2 585
2 443
2 423
2 531
2 364
2 948
2 567
2 464
2 509
2 491
2 322
2 669
2 426
2 433
2 676
2 693
2 436
2 596
2 830
2 453
2 688
2 385
2 459
2 305
2 437
2 545
2 393
2 552
2 766
2 357
2 451
2 450
2 443
2 752
2 535
2 398
2 644
2 382
2 504
2 418
2 689
2 417
2 329
2 492
2 384
2 347
2 355
2 488
2 496
2 520
2 475
2 268
2 683
2 564
2 566
2 429
2 324
2 506
2 452
2 715
2 605
2 322
2 728
2 428
2 498
2 414
2 463
2 453
2 555
2 458
2 426
2 452
2 436
2 496
2 845
2 356
2 777
2 653
2 384
2 596
2 322
2 481
2 570
2 561
2 437
2 603
2 878
2 452
2 264
2 348
2 320
2 472
2 408
2 633
2 584
2 474
2 805
2 547
2 374
2 407
2 364
2 971
2 380
2 563
2 524
2 415
2 371
2 609
2 895
2 488
2 493
2 608
2 721
2 396
2 439
2 482
2 405
2 481
2 663
2 624
2 449
2 463
2 296
2 655
2 468
2 474
2 487
2 444
2 643
2 325
2 640
2 318
2 407
2 384
2 556
2 458
2 425
2 571
2 392
2 379
2 535
2 323
2 451
2 378
2 559
2 574
2 381
2 672
2 302
2 443
2 370
2 391
2 363
2 598
2 522
2 420
2 650
2 777
2 431
2 390
2 568
2 568
2 403
2 353
2 436
2 506
2 297
2 537
2 748
2 449
2 563
2 285
2 557
2 832
2 389
2 374
2 440
2 363
2 562
2 464
2 473
2 367
2 367
2 468
2 682
2 344
2 522
2 417
2 634
2 471
2 447
2 586
2 441
2 518
2 572
2 256
2 782
2 485
2 473
2 402
2 378
2 476
2 675
2 484
2 517
2 421
2 326
2 329
2 565
2 354
2 678
2 399
2 632
2 591
2 765
2 536
2 409
2 473
2 507
2 386
2 677
2 904
2 690
2 433
2 566
2 818
2 397
2 637
2 293
2 832
2 545
2 347
2 976
2 461
2 527
2 481
2 384
2 520
2 786
2 375
2 488
2 613
2 291
2 410
2 440
2 627
2 551
2 455
2 385
2 359
2 631
2 580
2 430
2 448
2 425
2 700
2 301
2 456
2 428
2 436
2 343
2 407
2 693
2 635
2 636
2 666
2 375
2 379
2 481
2 497
2 325
2 354
2 621
2 529
2 442
2 515
2 518
2 506
2 271
2 718
2 471
2 729
2 539
2 345
2 420
2 514
2 1419
2 425
2 586
2 376
2 766
2 677
2 604
2 383
2 372
2 619
2 535
2 668
2 666
2 344
2 352
2 421
2 622
2 484
2 427
2 654
2 602
2 378
2 382
2 941
2 508
2 377
2 381
2 706
2 363
2 647
2 394
2 510
2 546
2 523
2 415
2 484
2 409
2 364
2 887
2 372
2 532
2 388
2 404
2 359
2 780
2 615
2 409
2 506
2 309
2 510
2 554
2 305
2 464
2 464
2 315
2 511
2 338
2 386
2 475
2 426
2 294
2 427
2 580
2 379
2 448
2 408
2 671
2 438
2 347
2 332
2 380
2 636
2 401
2 647
2 513
2 613
2 584
2 548
2 556
2 423
2 326
2 505
2 501
2 482
2 363
2 482
2 721
2 706
2 601
2 296
2 539
2 273
2 434
2 369
2 420
2 362
2 598
2 552
2 564
2 845
2 566
2 488
2 628
2 546
2 332
2 486
2 648
2 535
2 406
2 531
2 548
2 439
2 539
2 641
2 394
2 305
2 334
2 525
2 482
2 541
2 613
2 412
2 433
2 445
2 625
2 430
2 390
2 490
2 575
2 362
2 432
2 746
2 373
2 361
2 438
2 566
2 424
2 393
2 609
2 429
2 465
2 453
2 468
2 583
2 504
2 409
2 756
2 473
2 532
2 538
2 580
2 623
2 465
2 591
2 334
2 541
2 591
2 485
2 734
2 503
2 475
2 355
2 473
2 758
2 376
2 385
2 398
2 400
2 721
2 660
2 649
2 465
2 529
2 520
2 541
2 335
2 642
2 498
2 321
2 739
2 315
2 541
2 570
2 564
2 374
2 541
2 512
2 351
2 505
2 394
2 484
2 480
2 332
2 839
2 336
2 699
2 385
2 522
2 432
2 877
2 581
2 388
2 417
2 507
2 462
2 433
2 587
2 468
2 402
2 743
2 590
2 504
2 418
2 357
2 534
2 275
2 1164
2 452
2 468
2 695
2 653
2 465
2 476
2 333
2 615
2 537
2 345
2 341
2 343
2 269
2 549
2 383
2 478
2 397
2 407
2 465
2 445
2 593
2 364
2 333
2 468
2 280
2 638
2 583
2 376
2 403
2 594
2 368
2 645
2 306
2 344
2 473
2 506
2 675
2 586
2 458
2 674
2 449
2 575
2 528
2 572
2 592
2 753
2 493
2 915
2 347
2 588
2 437
2 407
2 470
2 517
2 666
2 369
2 549
2 604
2 375
2 417
2 307
2 601
2 466
2 376
2 692
2 629
2 443
2 891
2 573
2 358
2 656
2 552
2 479
2 410
2 500
2 539
2 522
2 531
2 400
2 473
2 624
2 599
2 556
2 344
2 501
2 518
2 696
2 523
2 480
2 640
2 415
2 358
2 492
2 447
2 475
2 497
2 470
2 399
2 395
2 559
2 452
2 957
2 497
2 734
2 662
2 517
2 593
2 445
2 310
2 362
2 424
2 945
2 317
2 406
2 578
2 709
2 396
2 725
2 825
2 788
2 417
2 1112
2 1127
2 605
2 364
2 622
2 464
2 408
2 468
2 657
2 367
2 1103
2 655
2 646
2 339
2 378
2 464
2 398
2 717
2 653
2 359
2 423
2 710
2 315
2 339
2 388
2 602
2 745
2 337
2 408
2 364
2 609
2 328
2 446
2 855
2 425
2 514
2 359
2 405
2 500
2 514
2 491
2 473
2 983
2 510
2 498
2 469
2 420
2 481
2 557
2 342
2 858
2 552
2 485
2 557
2 327
2 561
2 778
2 569
2 652
2 540
2 435
2 615
2 517
2 470
2 1064
2 404
2 512
2 448
2 728
2 463
2 441
2 392
2 479
2 303
2 443
2 390
2 928
2 461
2 565
2 491
2 521
2 401
2 492
2 494
2 450
2 388
2 320
2 527
2 719
2 539
2 547
2 460
2 504
2 469
2 788
2 500
2 462
2 430
2 432
2 281
2 407
2 417
2 606
2 667
2 434
2 488
2 471
2 620
2 671
2 526
2 423
2 415
2 600
2 308
2 744
2 616
2 309
2 408
2 623
2 426
2 504
2 331
2 636
2 492
2 568
2 599
2 469
2 505
2 335
2 391
2 951
2 302
2 524
2 801
2 320
2 356
2 464
2 594
2 490
2 360
2 516
2 723
2 451
2 519
2 930
2 437
2 620
2 536
2 513
2 517
2 515
2 782
2 392
2 589
2 328
2 374
2 407
2 811
2 540
2 596
2 1106
2 792
2 816
2 454
2 271
2 484
2 527
2 345
2 474
2 552
2 594
2 533
2 694
2 369
2 355
2 636
2 445
2 528
2 386
2 400
2 716
2 592
2 403
2 388
2 987
2 406
2 407
2 336
2 557
2 439
2 289
2 621
2 507
2 414
2 803
2 609
2 535
2 367
2 497
2 496
2 1008
2 408
2 461
2 533
2 550
2 524
2 437
2 418
2 386
2 369
2 280
2 623
2 521
2 712
2 629
2 485
2 439
2 1099
2 593
2 1548
2 424
2 564
2 331
2 578
2 329
2 276
2 819
2 801
2 397
2 374
2 517
2 907
2 382
2 404
2 688
2 530
2 318
2 361
2 603
2 709
2 595
3 731
3 1272
3 371
3 664
3 569
3 373
3 533
3 586
3 644
3 784
3 726
3 1063
3 450
3 490
3 492
3 604
3 656
3 688
3 558
3 702
3 511
3 549
3 455
3 478
3 474
3 1182
3 695
3 367
3 466
3 746
3 515
3 1346
3 437
3 594
3 478
3 545
3 1300
3 334
3 350
3 615
3 615
3 798
3 389
3 716
3 459
3 637
3 543
3 398
3 739
3 511
3 486
3 787
3 473
3 600
3 709
3 505
3 714
3 594
3 838
3 944
3 607
3 722
3 619
3 507
3 1097
3 328
3 432
3 519
3 746
3 685
3 590
3 733
3 676
3 710
3 985
3 789
3 700
3 855
3 512
3 516
3 617
3 545
3 1185
3 422
3 646
3 906
3 477
3 508
3 328
3 562
3 849
3 367
3 1016
3 579
3 715
3 639
3 556
3 406
3 854
3 430
3 719
3 559
3 652
3 812
3 728
3 870
3 368
3 850
3 586
3 898
3 1190
3 393
3 849
3 603
3 519
3 615
3 689
3 443
3 754
3 901
3 1049
3 1162
3 809
3 388
3 1104
3 521
3 563
3 429
3 561
3 363
3 670
3 710
3 1212
3 583
3 702
3 803
3 1058
3 461
3 515
3 335
3 585
3 846
3 875
3 963
3 379
3 819
3 455
3 908
3 563
3 451
3 559
3 567
3 842
3 875
3 554
3 578
3 522
3 1110
3 537
3 586
3 391
3 461
3 817
3 1015
3 678
3 926
3 665
3 517
3 748
3 965
3 418
3 573
3 491
3 512
3 599
3 678
3 512
3 523
3 1106
3 991
3 494
3 832
3 580
3 416
3 377
3 1005
3 542
3 602
3 349
3 309
3 494
3 631
3 938
3 1144
3 462
3 595
3 915
3 573
3 522
3 477
3 862
3 338
3 459
3 362
3 334
3 484
3 495
3 863
3 599
3 524
3 828
3 928
3 882
3 659
3 419
3 667
3 644
3 524
3 1298
3 792
3 737
3 475
3 405
3 461
3 544
3 419
3 389
3 1111
3 603
3 528
3 634
3 417
3 504
3 1120
3 1183
3 485
3 738
3 887
3 952
3 572
3 1265
3 442
3 506
3 733
3 820
3 1262
3 570
3 564
3 757
3 602
3 718
3 997
3 636
3 478
3 408
3 657
3 887
3 697
3 890
3 555
3 606
3 707
3 751
3 616
3 833
3 675
3 397
3 510
3 581
3 1064
3 651
3 409
3 343
3 711
3 826
3 752
3 824
3 505
3 829
3 569
3 924
3 1240
3 691
3 604
3 759
3 731
3 936
3 454
3 758
3 471
3 508
3 409
3 432
3 674
3 664
3 519
3 571
3 378
3 645
3 728
3 1237
3 741
3 435
3 633
3 891
3 581
3 693
3 474
3 718
3 621
3 606
3 2047
3 386
3 421
3 1159
3 674
3 864
3 727
3 794
3 540
3 1086
3 467
3 389
3 872
3 433
3 411
3 575
3 739
3 857
3 651
3 779
3 361
3 456
3 572
3 453
3 623
3 503
3 1146
3 676
3 368
3 683
3 654
3 602
3 538
3 525
3 1180
3 447
3 486
3 608
3 534
3 619
3 369
3 661
3 777
3 1019
3 621
3 717
3 416
3 505
3 612
3 610
3 475
3 704
3 756
3 588
3 644
3 477
3 703
3 768
3 613
3 629
3 1806
3 711
3 651
3 678
3 561
3 519
3 456
3 435
3 616
3 452
3 627
3 578
3 594
3 496
3 421
3 736
3 736
3 492
3 370
3 560
3 578
3 701
3 574
3 1537
3 714
3 526
3 672
3 482
3 572
3 517
3 1194
3 607
3 444
3 581
3 286
3 1075
3 593
3 1199
3 874
3 541
3 827
3 548
3 528
3 349
3 579
3 749
3 920
3 582
3 601
3 565
3 584
3 820
3 491
3 453
3 792
3 512
3 883
3 519
3 561
3 538
3 694
3 647
3 547
3 493
3 361
3 415
3 568
3 416
3 623
3 529
3 648
3 444
3 561
3 754
3 679
3 424
3 907
3 351
3 546
3 578
3 562
3 433
3 737
3 486
3 550
3 383
3 1201
3 638
3 1419
3 735
3 422
3 426
3 422
3 517
3 643
3 726
3 423
3 693
3 914
3 673
3 514
3 290
3 672
3 783
3 699
3 692
3 435
3 587
3 1128
3 403
3 703
3 397
3 854
3 823
3 770
3 603
3 651
3 814
3 638
3 664
3 1182
3 727
3 720
3 599
3 359
3 520
3 784
3 325
3 1067
3 566
3 404
3 442
3 420
3 643
3 687
3 404
3 429
3 455
3 781
3 747
3 488
3 458
3 647
3 966
3 638
3 322
3 1023
3 382
3 566
3 480
3 601
3 992
3 953
3 556
3 519
3 417
3 487
3 538
3 648
3 787
3 914
3 890
3 747
3 459
3 494
3 380
3 385
3 545
3 592
3 710
3 701
3 370
3 762
3 491
3 690
3 453
3 485
3 671
3 512
3 1030
3 722
3 649
3 559
3 721
3 558
3 675
3 828
3 675
3 1275
3 959
3 517
3 498
3 420
3 835
3 530
3 594
3 366
3 372
3 564
3 1314
3 587
3 537
3 490
3 486
3 328
3 635
3 1651
3 786
3 932
3 378
3 600
3 459
3 739
3 1413
3 1302
3 998
3 419
3 505
3 577
3 610
3 425
3 497
3 629
3 512
3 579
3 636
3 558
3 464
3 435
3 620
3 1236
3 538
3 1246
3 425
3 952
3 451
3 825
3 419
3 892
3 454
3 364
3 822
3 350
3 584
3 1020
3 676
3 627
3 863
3 1009
3 754
3 422
3 640
3 795
3 563
3 767
3 614
3 427
3 672
3 1042
3 993
3 588
3 1625
3 530
3 407
3 438
3 662
3 619
3 504
3 776
3 887
3 750
3 446
3 348
3 1149
3 741
3 528
3 932
3 615
3 518
3 840
3 554
3 565
3 445
3 858
3 601
3 586
3 483
3 485
3 548
3 1082
3 543
3 325
3 386
3 464
3 341
3 656
3 584
3 643
3 605
3 431
3 558
3 576
3 424
3 863
3 422
3 973
3 467
3 462
3 637
3 897
3 768
3 486
3 626
3 534
3 626
3 519
3 883
3 491
3 580
3 587
3 320
3 336
3 781
3 413
3 731
3 636
3 413
3 635
3 685
3 639
3 944
3 425
3 572
3 516
3 876
3 452
3 523
3 828
3 315
3 449
3 947
3 641
3 942
3 590
3 538
3 645
3 612
3 421
3 601
3 682
3 803
3 680
3 442
3 831
3 520
3 451
3 541
3 921
3 454
3 384
3 368
3 721
3 467
3 453
3 419
3 416
3 485
3 590
3 444
3 517
3 405
3 683
3 434
3 1172
3 782
3 463
3 1240
3 521
3 1013
3 456
3 686
3 839
3 535
3 714
3 846
3 587
3 601
3 384
3 569
3 517
3 446
3 633
3 1089
3 587
3 538
3 472
3 627
3 604
3 681
3 834
3 406
3 837
3 456
3 418
3 728
3 456
3 766
3 442
3 1019
3 900
3 478
3 643
3 706
3 641
3 535
3 452
3 551
3 760
3 432
3 665
3 835
3 720
3 762
3 802
3 585
3 533
3 623
3 448
3 786
3 521
3 785
3 611
3 960
3 836
3 528
3 359
3 386
3 834
3 451
3 336
3 440
3 464
3 1359
3 362
3 836
3 693
3 993
3 548
3 480
3 818
3 475
3 614
3 474
3 614
3 435
3 437
3 452
3 530
3 806
3 501
3 817
3 462
3 935
3 671
3 1552
3 565
3 466
3 757
3 490
3 1621
3 402
3 368
3 1114
3 891
3 556
3 534
3 1214
3 485
3 732
3 603
3 745
3 347
3 484
3 414
3 752
3 458
3 556
3 1101
3 840
3 713
3 617
3 363
3 960
3 721
3 1444
3 408
3 714
3 590
3 796
3 918
3 786
3 623
3 904
3 576
3 924
3 829
3 1113
3 442
3 1078
3 774
3 794
3 482
3 551
3 727
3 786
3 462
3 528
3 640
3 1230
3 699
3 765
3 1078
3 942
3 401
3 546
3 403
3 389
3 575
3 801
3 552
3 476
3 529
3 638
3 825
3 646
3 440
3 1358
3 431
3 403
3 629
3 579
3 613
3 749
3 471
3 344
3 601
3 421
3 1186
3 703
3 347
3 449
3 467
3 619
3 447
3 661
3 589
3 433
3 408
3 310
3 671
3 832
3 689
3 809
3 643
3 1682
3 462
3 406
3 538
3 1494
3 623
3 769
3 1027
3 498
3 776
3 498
3 1521
3 602
3 722
3 600
3 329
3 995
3 382
3 505
3 644
3 528
3 975
3 576
3 660
3 462
3 520
3 680
3 656
3 477
3 693
3 537
3 493
3 1461
3 1029
3 475
3 764
3 772
3 668
3 662
3 683
3 475
3 342
3 483
3 577
3 797
3 317
3 1040
3 393
3 727
3 539
3 391
3 566
3 634
3 894
3 765
3 613
3 823
3 1175
3 432
3 563
3 367
3 1260
3 890
3 787
3 913
3 455
3 708
3 497
3 447
3 489
3 406
3 666
3 587
3 733
3 495
3 859
3 670
3 442
3 775
3 406
3 386
3 437
3 317
3 1312
3 637
3 611
3 726
3 624
3 510
3 1070
3 790
3 800
3 667
3 617
3 512
3 867
3 857
3 478
3 458
3 746
3 630
3 842
3 879
3 703
3 649
3 535
3 468
3 925
3 450
3 685
3 542
3 542
3 590
3 979
3 554
3 1009
3 722
3 595
3 635
3 414
3 661
3 440
3 451
3 310
3 483
3 956
3 607
3 746
3 669
3 418
3 963
3 386
3 831
3 484
3 371
3 507
3 973
3 667
3 428
3 547
3 833
3 600
3 414
3 681
3 775
3 757
3 869
3 806
3 588
3 860
3 506
3 402
3 337
3 616
3 737
3 465
3 741
3 577
3 503
3 506
3 931
3 1118
3 759
3 403
3 917
3 356
3 948
3 1448
3 656
3 562
3 599
3 978
3 1009
3 496
3 884
3 712
3 316
3 632
3 470
3 581
3 649
3 1039
3 842
3 781
3 447
3 834
3 746
3 661
3 433
3 735
3 590
3 418
3 317
3 497
3 776
3 556
3 409
3 454
3 658
3 717
3 470
3 467
3 1194
3 395
3 424
3 964
3 536
3 500
3 849
3 567
3 1004
3 805
3 536
3 628
3 388
3 840
3 891
3 666
3 1081
3 860
3 383
3 405
3 756
3 600
3 365
3 795
3 693
3 425
3 1345
3 363
3 623
3 629
3 541
3 939
3 597
3 535
3 1016
3 409
3 765
3 1530
3 546
3 613
3 771
3 631
3 845
3 463
3 421
3 690
3 554
3 659
3 631
3 417
3 1023
3 518
3 795
3 786
3 954
3 974
3 1153
3 755
3 665
3 600
3 828
3 1095
3 488
3 638
3 344
3 700
3 525
3 600
3 320
3 488
3 662
3 811
3 822
3 701
3 457
3 531
3 902
3 464
3 691
3 591
3 997
3 889
3 608
3 527
3 374
3 532
3 601
3 380
3 826
3 693
3 361
3 531
3 596
3 639
3 479
3 555
3 473
3 813
3 708
3 701
3 452
3 506
3 580
3 507
3 585
3 794
3 702
3 841
3 822
3 839
3 414
3 402
3 451
3 331
3 583
3 538
3 485
3 958
3 962
3 816
3 656
3 721
3 829
3 1429
3 715
3 854
3 916
3 993
3 476
3 419
3 432
3 694
3 414
3 403
3 714
3 690
3 408
3 405
3 312
3 467
3 400
3 460
3 422
3 1106
3 699
3 897
3 1179
3 579
3 616
3 778
3 770
3 546
3 802
3 555
3 548
3 548
3 1349
3 388
3 505
3 362
3 552
3 684
3 762
3 628
3 452
3 468
3 1018
3 396
3 594
3 589
3 381
3 480
3 607
3 813
3 460
3 509
3 537
3 680
3 419
3 832
3 515
3 492
3 499
3 345
3 438
3 1267
3 384
3 382
3 571
3 658
3 554
3 531
3 444
3 739
3 452
3 570
3 919
3 534
3 475
3 1036
3 392
3 533
3 365
3 886
3 387
3 840
3 708
3 405
3 506
3 650
3 940
3 680
3 646
3 653
3 794
3 845
3 631
3 1268
3 438
3 923
3 489
3 750
3 752
3 513
3 592
3 384
3 799
3 412
3 622
3 373
3 813
3 534
3 588
3 420
3 439
3 382
3 885
3 504
3 1165
3 700
3 655
3 694
3 668
3 600
3 450
3 603
3 558
3 437
3 719
3 574
3 637
3 610
3 1316
3 1103
3 503
3 742
3 510
3 829
3 1040
3 689
3 889
3 781
3 1135
3 464
3 712
3 636
3 648
3 701
3 862
3 759
3 620
3 440
3 472
3 761
3 980
3 768
3 790
3 779
3 547
3 792
3 1042
3 441
3 355
3 793
3 564
3 806
3 1284
3 329
3 1252
3 670
3 890
3 391
3 1148
3 602
3 1017
3 474
3 497
3 597
3 700
3 411
3 715
3 523
3 602
3 319
3 814
3 805
3 478
3 467
3 1492
3 390
3 659
3 478
3 601
3 874
3 659
3 516
3 741
3 1210
3 472
3 585
3 461
3 520
3 700
3 449
3 519
3 471
3 826
3 471
3 675
3 539
3 538
3 886
3 452
3 428
3 652
3 534
3 687
3 527
3 697
3 638
3 605
3 551
3 778
3 1025
3 426
3 978
3 798
3 723
3 457
3 621
3 674
3 416
3 346
3 771
3 728
3 435
3 410
3 408
3 469
3 1116
3 566
3 432
3 656
3 712
3 576
3 545
3 777
3 525
3 611
3 729
3 596
3 477
3 521
3 696
3 614
3 691
3 790
3 617
3 489
3 470
3 472
3 594
3 477
3 831
3 410
3 1355
3 1062
3 452
3 795
3 542
3 817
3 772
3 549
3 516
3 711
3 757
3 554
3 819
3 607
3 1319
3 709
3 623
3 527
3 629
3 579
3 314
3 951
3 1024
3 1044
3 516
3 549
3 783
3 806
3 631
3 605
3 670
3 614
3 360
3 549
3 568
3 782
3 571
3 430
3 506
3 461
3 355
3 551
3 900
3 1152
3 542
3 788
3 724
3 298
3 543
3 500
3 396
3 600
3 806
3 755
3 1264
3 380
3 942
3 385
3 490
3 1308
3 1474
3 405
3 517
3 776
3 848
3 562
3 646
3 670
3 591
3 537
3 476
3 739
3 1248
3 946
3 421
3 720
3 704
3 569
3 353
3 761
3 598
3 693
3 446
3 516
3 433
3 447
3 401
3 498
3 437
3 416
3 531
3 972
3 958
3 622
3 1136
3 622
3 656
3 624
3 495
3 645
3 1004
3 610
3 595
3 743
3 701
3 734
3 511
3 574
3 617
3 708
3 804
3 504
3 801
3 496
3 613
3 514
3 643
3 329
3 483
3 1792
3 499
3 781
3 663
3 511
3 487
3 528
3 550
3 525
3 479
3 509
3 401
3 963
3 413
3 667
3 703
3 756
3 526
3 396
3 421
3 526
3 1537
3 582
3 946
3 564
3 351
3 711
3 484
3 379
3 1133
3 1138
3 351
3 515
3 412
3 498
3 634
3 1803
3 589
3 512
3 468
3 443
3 656
3 1016
3 766
3 1289
3 590
3 806
3 524
3 575
3 508
3 1120
3 433
3 486
3 850
3 473
3 320
3 548
3 428
3 496
3 540
3 455
3 645
3 417
3 704
3 447
3 697
3 719
3 649
3 484
3 1273
3 818
3 786
3 1002
3 986
3 528
3 576
3 683
3 600
3 570
3 977
3 436
3 415
3 430
3 713
3 426
3 632
3 501
3 556
3 423
3 1331
3 948
3 411
3 639
3 924
3 1183
3 759
3 457
3 576
3 666
3 658
3 447
3 671
3 335
3 1522
3 497
3 724
3 552
3 475
3 1133
3 645
3 602
3 632
3 567
3 442
3 601
3 365
3 431
3 554
3 495
3 754
3 429
3 779
3 609
3 602
3 620
3 477
3 859
3 1100
3 930
3 514
3 686
3 465
3 557
3 768
3 613
3 441
3 637
3 460
3 1253
3 688
3 785
3 398
3 1060
3 501
3 276
3 565
3 716
3 445
3 570
3 463
3 512
3 781
3 583
3 457
3 622
3 528
3 695
3 917
3 448
3 707
3 491
3 954
3 621
3 487
3 713
3 612
3 561
3 541
3 545
3 1029
3 510
3 833
3 568
3 541
3 561
3 594
3 641
3 626
3 1028
3 838
3 610
3 503
3 994
3 423
3 920
3 554
3 953
3 408
3 504
3 701
3 528
3 864
3 458
3 561
3 507
3 401
3 889
3 585
3 529
3 619
3 604
3 430
3 443
3 532
3 684
3 425
3 564
3 429
3 584
3 859
3 339
3 407
3 575
3 1155
3 412
3 997
3 680
3 433
3 703
3 482
3 1330
3 504
3 788
3 1307
3 342
3 1117
3 355
3 354
3 519
3 847
3 659
3 1203
3 745
3 759
3 738
3 574
3 438
3 542
3 380
3 617
3 623
3 288
3 350
3 367
3 745
3 482
3 568
3 464
3 561
3 781
3 1925
3 368
3 818
3 521
3 354
3 858
3 649
3 457
3 554
3 500
3 572
3 654
3 510
3 778
3 1021
3 475
3 541
3 533
3 1040
3 672
3 678
3 586
3 393
3 782
3 991
3 830
3 741
3 753
3 553
3 529
3 439
3 665
3 790
3 603
3 1070
3 490
3 624
3 632
3 498
3 576
3 622
3 866
3 622
3 378
3 734
3 449
3 591
3 714
3 594
3 493
3 523
3 380
3 489
3 635
3 655
3 1069
3 512
3 671
3 1061
3 824
3 875
3 651
3 434
3 478
3 535
3 561
3 685
3 659
3 503
3 535
3 675
3 360
3 541
3 728
3 917
3 427
3 1118
3 515
3 820
3 499
3 481
3 757
3 728
3 722
3 624
3 766
3 773
3 541
3 552
3 704
3 779
3 639
3 579
3 462
3 1156
3 635
3 456
3 922
3 729
3 1137
3 470
3 1087
3 757
3 734
3 740
3 506
3 474
3 499
3 643
